1
6
11
18
19
20
27
30
38
43
51
52
59
61
67
68
70
76
80
81
102
107
119
121
123
124
127
128
136
138
140
141
146
153
163
174
175
176
178
190
194
217
239
240
242
253
255
260
263
268
275
278
282
285
289
292
298
304
310
320
330
331
335
336
343
344
350
353
368
370
401
419
425
428
440
453
463
465
470
478
484
488
492
503
506
520
534
542
554
556
562
564
582
589
591
606
609
610
612
614
615
619
620
622
628
649
656
657
658
662
679
694
695
697
716
717
720
724
726
755
760
762
767
768
772
775
783
790
796
804
820
828
830
838
842
844
849
850
865
880
882
895
900
902
907
923
929
947
948
950
961
966
974
977
980
992
993
997
1016
1022
1035
1047
1049
1053
1060
1062
1064
1067
1074
1075
1083
1096
1097
1103
1112
1115
1120
1125
1129
1131
1165
1169
1174
1175
1181
1184
1190
1194
1199
1210
1224
1229
1245
1260
1281
1283
1287
1290
1292
1325
1331
1332
1336
1342
1348
1359
1361
1373
1378
1381
1386
1390
1391
1395
1399
1400
1403
1407
1415
1435
1436
1437
1438
1445
1447
1450
1464
1465
1467
1487
1488
1493
1497
1510
1518
1525
1526
1527
1528
1529
1533
1537
1538
1551
1559
1560
1569
1584
