5
28
33
36
37
48
55
63
87
129
131
137
145
149
161
166
172
186
187
203
206
213
229
233
247
262
265
269
274
300
303
305
308
316
317
318
325
326
347
351
356
371
373
378
382
384
388
390
393
396
402
406
413
429
432
435
436
442
450
452
457
459
475
476
489
494
496
507
508
514
518
526
530
541
545
548
567
572
574
575
580
594
596
600
601
613
618
623
624
631
632
639
642
648
676
678
680
682
692
693
698
709
712
715
719
727
731
734
737
743
751
756
766
774
780
786
787
789
792
794
799
800
808
815
817
826
827
831
834
840
864
877
878
885
901
903
906
910
926
953
964
967
970
975
985
987
989
1008
1009
1012
1018
1020
1021
1025
1027
1033
1039
1057
1065
1066
1082
1084
1091
1102
1107
1117
1118
1121
1130
1135
1136
1140
1146
1153
1161
1167
1180
1185
1195
1198
1204
1208
1220
1222
1231
1236
1244
1247
1251
1257
1273
1279
1293
1314
1321
1333
1338
1344
1345
1350
1356
1362
1376
1380
1398
1401
1406
1416
1418
1427
1430
1432
1439
1442
1444
1446
1453
1460
1470
1472
1476
1479
1485
1491
1492
1503
1506
1507
1516
1519
1520
1521
1546
1572
1579
1580
1583
