3
13
16
23
24
25
31
45
46
64
72
74
88
89
91
92
95
96
101
103
111
116
117
139
147
154
156
160
164
173
177
179
184
196
199
200
202
205
207
208
215
225
231
238
243
244
250
257
258
259
261
267
272
293
296
297
301
309
329
337
340
348
354
355
366
367
376
380
386
395
397
403
407
423
433
437
446
451
464
474
477
479
483
487
491
516
524
527
536
538
543
557
559
563
571
581
583
584
585
587
592
603
605
621
625
627
630
633
635
637
640
645
651
667
670
677
683
684
696
701
710
723
732
736
742
745
752
754
757
758
769
776
778
782
788
791
793
797
801
803
807
813
814
818
822
825
835
839
843
848
851
858
859
860
861
863
867
869
876
886
887
893
899
905
908
912
915
917
925
927
937
939
941
944
946
949
959
963
969
973
983
986
994
996
1001
1006
1013
1028
1029
1031
1034
1037
1045
1050
1052
1055
1063
1068
1085
1111
1116
1123
1126
1128
1134
1138
1142
1145
1147
1158
1159
1170
1171
1178
1186
1197
1200
1206
1207
1209
1211
1218
1226
1235
1248
1252
1259
1261
1272
1278
1280
1282
1284
1291
1294
1296
1297
1298
1303
1308
1319
1320
1328
1335
1347
1352
1353
1360
1367
1368
1371
1374
1377
1384
1387
1392
1402
1417
1419
1420
1428
1433
1434
1441
1449
1457
1466
1478
1483
1494
1498
1500
1505
1514
1515
1523
1530
1531
1532
1534
1558
1561
1570
1575
1578
