4
7
9
10
12
14
17
21
26
29
32
35
40
41
47
53
54
62
66
71
77
83
85
86
94
110
112
115
118
122
130
148
150
151
155
157
159
165
168
170
192
195
209
211
218
219
222
226
228
235
237
241
249
256
270
271
277
280
286
287
288
295
299
302
306
314
323
334
339
345
346
352
358
359
360
362
363
369
379
383
391
398
399
408
411
416
424
427
430
431
441
444
447
448
458
461
469
472
473
480
493
495
497
500
501
509
510
512
519
523
529
537
549
553
555
560
561
565
566
576
590
593
595
608
611
616
629
634
636
641
643
652
661
663
665
666
671
699
711
718
722
735
739
747
748
749
753
761
771
773
777
779
784
795
802
805
806
810
821
829
832
836
847
853
856
857
862
866
873
874
883
892
898
904
909
916
918
922
932
935
940
951
954
957
962
965
971
972
988
999
1007
1011
1015
1023
1030
1042
1043
1056
1058
1061
1069
1071
1077
1087
1092
1093
1098
1106
1122
1127
1133
1154
1156
1162
1166
1168
1172
1179
1188
1191
1192
1201
1202
1205
1212
1217
1221
1223
1238
1240
1253
1255
1263
1266
1267
1275
1288
1295
1300
1301
1305
1306
1313
1317
1323
1326
1349
1351
1354
1357
1363
1364
1365
1366
1375
1388
1389
1393
1409
1411
1412
1413
1422
1429
1440
1454
1456
1458
1459
1461
1473
1475
1482
1496
1504
1517
1524
1542
1543
1547
1548
1550
1552
1554
1555
1556
1557
1562
1563
1568
1574
1576
1577
