0
8
15
22
34
39
57
58
60
69
73
75
78
98
99
104
105
108
114
125
126
133
135
142
143
144
152
158
180
183
193
198
201
216
220
224
232
234
246
248
254
266
276
279
281
283
290
294
315
321
324
342
357
365
377
387
392
405
414
420
422
438
455
456
460
462
466
471
482
499
505
511
515
517
521
522
525
528
532
533
539
544
547
551
558
569
577
578
579
586
588
617
647
650
654
660
664
669
672
673
674
685
686
688
689
700
702
703
704
705
706
707
708
713
721
725
729
733
740
744
763
764
765
798
809
824
845
854
855
870
871
884
889
890
896
913
914
920
921
928
943
952
955
956
960
968
984
991
998
1000
1002
1004
1005
1014
1024
1026
1036
1038
1040
1044
1054
1070
1072
1076
1079
1080
1086
1088
1089
1090
1094
1095
1100
1104
1105
1108
1113
1114
1119
1137
1139
1143
1152
1157
1160
1163
1164
1176
1177
1183
1187
1196
1214
1215
1230
1233
1234
1242
1246
1254
1262
1265
1269
1271
1304
1307
1309
1311
1312
1318
1324
1327
1329
1337
1340
1341
1343
1346
1355
1369
1370
1372
1382
1385
1394
1405
1408
1410
1448
1451
1468
1471
1477
1484
1489
1490
1502
1508
1509
1512
1522
1535
1536
1539
1540
1544
1549
1553
1565
1567
1571
1581
1582
1585
1586
