2
42
44
49
50
56
65
79
82
84
90
93
97
100
106
109
113
120
132
134
162
167
169
171
181
182
185
188
189
191
197
204
210
212
214
221
223
227
230
236
245
251
252
264
273
284
291
307
311
312
313
319
322
327
328
332
333
338
341
349
361
364
372
374
375
381
385
389
394
400
404
409
410
412
415
417
418
421
426
434
439
443
445
449
454
467
468
481
485
486
490
498
502
504
513
531
535
540
546
550
552
568
570
573
597
598
599
602
604
607
626
638
644
646
653
655
659
668
675
681
687
690
691
714
728
730
738
741
746
750
759
770
781
785
811
812
816
819
823
833
837
841
846
852
868
872
875
879
881
888
891
894
897
911
919
924
930
931
933
934
936
938
942
945
958
976
978
979
981
982
990
995
1003
1010
1017
1019
1032
1041
1046
1048
1051
1059
1073
1078
1081
1099
1101
1109
1110
1124
1132
1141
1144
1148
1149
1150
1151
1155
1173
1182
1189
1193
1203
1213
1216
1219
1225
1227
1228
1232
1237
1239
1241
1243
1249
1250
1256
1258
1264
1268
1270
1274
1276
1277
1285
1286
1289
1299
1302
1310
1315
1316
1322
1330
1334
1339
1358
1379
1383
1396
1397
1404
1414
1421
1423
1424
1425
1426
1431
1443
1452
1455
1462
1463
1469
1474
1480
1481
1486
1495
1499
1501
1511
1513
1541
1545
1564
1566
1573
