0
7
10
16
40
44
47
52
54
59
60
62
70
72
88
93
95
103
107
109
111
117
118
121
134
148
155
163
167
177
182
189
195
200
206
209
211
218
228
233
235
241
252
266
284
289
293
295
299
301
303
310
324
325
334
337
342
352
353
358
367
372
373
378
390
391
401
403
421
423
430
432
439
441
442
460
478
486
488
495
514
525
530
536
539
548
553
554
559
583
585
587
595
598
606
610
614
615
628
641
668
673
693
698
724
725
728
733
739
741
759
763
765
772
774
799
803
810
811
813
817
818
829
834
835
841
850
851
852
857
859
863
867
872
887
888
889
890
891
897
911
923
924
938
940
951
961
970
977
983
985
994
995
996
999
1007
1010
1014
1017
1018
1021
1023
1033
1034
1064
1065
1068
1069
1078
1086
1090
1096
1117
1124
1132
1139
1140
1142
1144
1145
1150
1154
1157
1168
1169
1170
1171
1176
1184
1210
1213
1217
1219
1226
1238
1241
1254
1257
1264
1270
1278
1279
1280
1281
1286
1289
1301
1307
1308
1309
1310
1317
1334
1338
1340
1354
1357
1369
1377
1379
1383
1384
1400
1407
1415
1440
1453
1454
1460
1461
1464
1477
1500
1503
1513
1515
1519
1521
1531
1535
1541
1547
1552
1553
1555
1563
1566
1576
1582
