5
8
11
14
45
46
51
57
64
73
75
96
100
106
115
124
128
131
135
137
150
159
162
165
170
173
174
181
188
190
197
199
202
210
215
220
222
231
255
263
265
270
276
280
281
286
288
292
296
300
311
319
322
328
331
338
340
341
343
345
355
356
363
364
370
392
395
404
409
415
424
443
446
450
451
457
459
461
462
489
490
492
493
498
504
505
509
513
518
531
533
543
549
552
556
561
574
575
580
588
593
594
596
603
613
629
638
640
643
644
645
649
653
658
659
661
665
678
681
695
700
701
714
716
718
730
743
755
758
781
782
788
789
791
819
823
825
826
832
839
843
848
860
869
871
883
884
908
910
915
922
928
939
945
946
947
950
954
964
971
979
982
993
1001
1003
1005
1012
1019
1026
1027
1028
1039
1050
1054
1056
1060
1061
1073
1074
1080
1081
1085
1097
1102
1110
1111
1115
1123
1133
1146
1147
1153
1159
1179
1180
1185
1186
1188
1194
1209
1211
1228
1239
1246
1247
1252
1256
1261
1273
1275
1300
1305
1306
1314
1321
1322
1326
1327
1336
1339
1341
1345
1346
1351
1359
1360
1362
1366
1372
1380
1381
1390
1396
1404
1410
1416
1417
1418
1422
1425
1431
1435
1441
1447
1448
1449
1456
1463
1472
1473
1480
1495
1507
1509
1510
1517
1520
1522
1523
1533
1534
1538
1539
1543
1546
1556
1559
1560
1564
1568
1579
