4
18
23
31
33
37
50
53
80
81
85
89
90
94
97
99
101
112
119
129
132
139
144
156
160
171
172
175
183
185
186
192
193
208
213
223
224
227
229
236
238
239
240
243
245
251
257
258
259
267
277
283
285
294
302
308
315
318
320
327
350
357
360
361
365
368
376
379
383
402
405
412
416
417
422
429
436
447
453
463
465
466
471
477
479
481
485
487
491
506
512
515
520
546
550
570
584
590
600
601
604
617
618
619
630
633
647
655
657
671
674
679
680
682
687
691
703
707
719
726
727
736
744
745
756
762
775
784
787
794
795
805
806
812
814
827
830
831
844
856
858
861
865
878
879
880
886
899
903
904
907
914
921
926
929
930
932
937
941
948
952
953
955
958
960
963
966
984
991
992
1000
1009
1011
1013
1015
1036
1040
1043
1063
1067
1072
1084
1087
1105
1114
1116
1120
1121
1129
1130
1134
1137
1151
1163
1173
1175
1181
1187
1191
1195
1200
1203
1212
1216
1227
1230
1236
1240
1244
1251
1253
1260
1262
1265
1272
1276
1282
1284
1292
1293
1295
1304
1320
1324
1325
1328
1329
1331
1344
1347
1349
1350
1352
1353
1356
1358
1370
1371
1374
1382
1391
1394
1397
1401
1405
1406
1411
1413
1420
1421
1427
1434
1442
1446
1452
1455
1459
1469
1470
1482
1483
1484
1493
1501
1508
1516
1524
1529
1540
1557
1561
1573
