2
17
21
26
27
32
35
38
49
66
74
76
82
83
84
98
104
105
123
126
130
133
136
141
143
147
152
164
168
178
191
196
207
214
225
250
253
254
264
271
272
274
282
298
305
307
309
312
314
321
333
335
339
349
359
366
369
371
382
388
389
394
399
408
411
418
426
428
431
444
452
456
458
469
474
480
500
501
502
517
521
524
528
529
538
540
542
567
569
572
576
582
591
599
605
611
626
627
631
642
648
650
656
664
667
675
684
686
688
689
699
704
709
710
711
715
729
732
738
748
754
757
761
767
771
773
783
786
792
793
798
801
804
809
815
816
836
838
842
846
862
866
868
874
877
881
882
894
896
901
902
905
906
917
918
919
927
933
942
943
956
965
967
974
990
997
998
1002
1004
1020
1030
1031
1038
1042
1045
1046
1049
1052
1071
1076
1077
1088
1098
1099
1100
1101
1103
1104
1108
1112
1118
1126
1136
1138
1155
1158
1161
1166
1178
1182
1189
1201
1218
1229
1231
1235
1245
1250
1259
1263
1267
1277
1288
1291
1296
1298
1299
1335
1343
1348
1361
1363
1364
1373
1385
1395
1399
1412
1426
1428
1430
1432
1436
1437
1465
1471
1474
1476
1479
1481
1485
1487
1492
1498
1505
1512
1527
1528
1548
1550
1551
1554
1558
1562
1570
1572
1575
1578
1581
1586
