1
12
13
15
19
22
24
28
29
36
42
43
65
67
71
77
78
79
91
92
102
110
116
122
125
127
138
142
145
146
149
157
161
187
194
198
201
204
205
212
219
242
244
260
261
275
278
279
290
291
304
313
316
323
326
332
346
347
348
354
380
381
384
393
396
400
406
407
414
419
425
427
433
434
435
437
445
449
455
464
467
472
473
475
476
482
483
494
497
499
503
508
511
516
519
527
532
535
541
544
545
547
555
558
562
563
566
573
577
578
579
581
602
607
620
621
622
624
625
636
639
651
660
662
663
666
669
670
672
676
692
694
712
713
717
720
722
723
731
740
742
746
747
752
764
768
769
770
776
777
790
797
800
807
840
847
853
864
876
893
913
920
934
935
949
972
973
975
978
981
988
1024
1029
1032
1035
1037
1041
1047
1051
1053
1057
1059
1075
1079
1083
1091
1092
1093
1106
1107
1109
1113
1125
1128
1135
1143
1149
1156
1164
1165
1167
1192
1193
1198
1204
1205
1208
1215
1220
1221
1223
1224
1225
1248
1249
1268
1271
1274
1285
1302
1313
1316
1332
1342
1365
1386
1387
1389
1392
1393
1398
1402
1403
1408
1409
1419
1424
1433
1438
1439
1443
1445
1458
1467
1475
1478
1489
1491
1502
1504
1506
1511
1514
1518
1525
1526
1537
1542
1549
1565
1571
1577
1584
1585
