3
6
9
20
25
30
34
39
41
48
55
56
58
61
63
68
69
86
87
108
113
114
120
140
151
153
154
158
166
169
176
179
180
184
203
216
217
221
226
230
232
234
237
246
247
248
249
256
262
268
269
273
287
297
306
317
329
330
336
344
351
362
374
375
377
385
386
387
397
398
410
413
420
438
440
448
454
468
470
484
496
507
510
522
523
526
534
537
551
557
560
564
565
568
571
586
589
592
597
608
609
612
616
623
632
634
635
637
646
652
654
677
683
685
690
696
697
702
705
706
708
721
734
735
737
749
750
751
753
760
766
778
779
780
785
796
802
808
820
821
822
824
828
833
837
845
849
854
855
870
873
875
885
892
895
898
900
909
912
916
925
931
936
944
957
959
962
968
969
976
980
986
987
989
1006
1008
1016
1022
1025
1044
1048
1055
1058
1062
1066
1070
1082
1089
1094
1095
1119
1122
1127
1131
1141
1148
1152
1160
1162
1172
1174
1177
1183
1190
1196
1197
1199
1202
1206
1207
1214
1222
1232
1233
1234
1237
1242
1243
1255
1258
1266
1269
1283
1287
1290
1294
1297
1303
1311
1312
1315
1318
1319
1323
1330
1333
1337
1355
1367
1368
1375
1376
1378
1388
1414
1423
1429
1444
1450
1451
1457
1462
1466
1468
1486
1488
1490
1494
1496
1497
1499
1530
1532
1536
1544
1545
1567
1569
1574
1580
1583
