0
7
11
22
40
59
69
72
96
104
107
116
123
135
142
144
159
160
173
176
177
178
180
181
182
186
193
195
201
211
213
217
218
224
243
246
251
256
270
272
280
289
304
308
309
317
319
323
338
343
344
350
359
368
391
411
413
417
426
428
430
431
440
449
455
460
463
466
471
476
477
487
506
517
534
540
548
555
566
572
587
590
594
598
624
634
635
640
643
657
664
682
685
689
691
692
693
694
704
707
712
717
721
729
736
740
742
751
752
761
764
768
771
773
774
777
778
779
783
784
788
792
809
813
826
835
837
838
851
854
895
899
905
913
919
923
928
945
954
960
964
965
976
983
987
1002
1005
1007
1014
1015
1021
1023
1027
1028
1034
1035
1044
1049
1051
1062
1066
1071
1076
1086
1100
1105
1106
1110
1116
1119
1120
1128
1138
1141
1144
1147
1159
1160
1165
1166
1170
1172
1175
1195
1198
1212
1218
1222
1223
1232
1237
1240
1250
1256
1258
1260
1261
1266
1273
1284
1306
1329
1330
1338
1370
1375
1377
1391
1396
1405
1408
1415
1423
1438
1440
1441
1443
1449
1451
1453
1459
1466
1468
1472
1475
1492
1514
1520
1522
1526
1530
1541
1542
1544
1549
1551
1554
1558
1560
1567
1582
