4
20
24
32
34
45
50
78
87
88
91
93
98
105
110
111
118
127
141
153
163
167
170
171
172
185
196
198
203
205
207
220
231
233
235
236
238
239
244
245
247
248
262
267
268
269
279
283
285
287
294
299
313
315
325
328
341
342
367
381
383
386
392
394
398
414
420
425
427
434
435
436
447
452
472
473
475
478
484
499
512
520
523
525
526
529
530
546
549
551
556
559
562
565
580
591
596
597
600
604
615
618
623
631
632
636
638
642
647
652
656
667
671
672
674
683
702
708
709
710
719
720
723
732
738
745
749
754
755
760
782
785
789
790
791
795
796
799
807
814
818
820
822
829
853
855
857
865
868
872
879
883
891
892
894
897
904
907
912
915
929
930
933
939
955
961
962
969
972
979
985
991
998
1000
1008
1020
1040
1043
1061
1070
1078
1081
1084
1087
1101
1108
1112
1117
1118
1123
1131
1136
1143
1146
1150
1156
1169
1173
1177
1178
1180
1181
1184
1186
1187
1188
1208
1217
1221
1225
1233
1244
1263
1264
1274
1286
1293
1297
1300
1310
1312
1314
1321
1325
1332
1335
1348
1350
1353
1362
1371
1388
1390
1399
1400
1406
1424
1427
1428
1431
1433
1435
1447
1448
1464
1467
1473
1485
1486
1489
1493
1494
1498
1503
1505
1509
1510
1512
1518
1524
1525
1532
1539
1540
1546
1547
1548
1552
1557
1559
1572
1577
1581
