2
10
14
15
21
25
26
27
31
39
41
44
46
47
51
52
53
54
58
60
67
68
70
79
84
94
95
99
119
121
125
130
131
133
136
137
138
139
140
152
175
179
183
191
200
204
206
208
212
215
221
223
226
230
232
240
254
281
282
288
292
293
303
305
310
312
314
322
324
327
332
335
346
357
361
363
366
396
400
402
405
407
412
419
421
437
445
461
462
465
468
474
483
488
489
498
501
505
508
513
532
536
537
541
561
564
569
577
578
583
586
602
608
610
611
616
620
621
628
645
649
650
659
660
662
663
669
673
680
684
690
697
698
713
727
744
748
756
766
781
802
804
806
810
817
819
833
834
856
866
876
878
880
884
885
911
918
925
932
934
936
943
947
950
959
971
977
984
990
994
999
1001
1004
1018
1025
1036
1039
1041
1054
1056
1060
1063
1064
1067
1069
1075
1077
1088
1092
1093
1094
1097
1098
1102
1109
1122
1126
1130
1132
1133
1142
1145
1148
1153
1155
1161
1163
1179
1190
1192
1194
1199
1205
1214
1215
1227
1228
1234
1242
1248
1257
1265
1279
1285
1287
1290
1291
1299
1305
1308
1309
1315
1316
1320
1323
1334
1346
1351
1356
1358
1360
1363
1365
1374
1376
1378
1381
1385
1386
1389
1402
1404
1411
1413
1414
1417
1429
1432
1436
1442
1454
1455
1456
1461
1474
1477
1478
1480
1481
1482
1483
1487
1491
1495
1502
1517
1531
1533
1537
1543
1550
1553
1555
1563
1571
1575
1576
