3
6
9
18
29
33
36
38
43
48
57
64
71
73
80
81
89
103
109
114
115
122
128
129
143
145
146
149
151
156
161
162
168
169
174
184
190
194
199
210
227
241
242
253
257
258
260
263
266
271
274
275
278
296
311
326
330
333
334
339
340
345
351
365
372
373
377
378
379
380
382
389
390
409
410
423
429
432
441
444
446
448
451
482
491
494
496
500
502
503
504
511
524
528
535
544
547
557
563
568
570
576
581
582
589
592
595
601
606
614
625
626
630
633
639
641
651
654
675
677
688
695
699
701
703
705
706
711
714
718
724
737
739
746
757
759
776
786
793
798
800
803
825
827
830
832
841
844
847
852
864
871
881
886
887
888
896
898
901
902
914
916
921
941
942
948
956
957
968
970
973
974
975
980
981
982
986
992
1003
1010
1017
1024
1026
1038
1045
1048
1072
1082
1083
1091
1099
1103
1113
1115
1127
1129
1140
1158
1168
1171
1176
1185
1189
1191
1193
1197
1201
1206
1207
1213
1216
1220
1226
1239
1249
1251
1252
1255
1262
1268
1269
1275
1276
1282
1283
1289
1296
1298
1302
1304
1307
1317
1318
1319
1327
1333
1336
1343
1347
1352
1354
1361
1367
1369
1380
1387
1403
1416
1420
1452
1458
1470
1484
1490
1499
1500
1504
1507
1511
1513
1515
1521
1528
1529
1536
1566
1574
