1
23
35
37
55
56
61
62
63
82
86
90
100
101
106
112
113
120
126
134
147
150
154
155
158
164
165
188
189
192
202
209
219
222
228
237
249
250
259
261
290
291
295
297
298
316
320
329
337
349
354
355
356
358
369
374
375
376
384
388
395
397
399
403
406
415
422
433
438
439
443
450
453
454
464
467
469
479
480
481
485
486
490
492
497
507
514
521
527
531
533
539
542
545
550
552
553
558
560
567
573
575
584
585
588
599
603
607
609
613
617
622
627
644
646
653
655
661
665
668
686
700
716
728
730
734
735
750
762
767
770
780
787
794
797
808
816
836
840
842
845
849
858
859
860
861
863
870
874
875
877
889
890
903
906
909
917
920
922
926
927
931
938
940
944
949
953
958
966
967
988
993
995
997
1009
1016
1019
1022
1029
1032
1033
1053
1055
1057
1068
1079
1080
1085
1090
1096
1121
1124
1134
1135
1137
1139
1151
1152
1154
1164
1174
1183
1209
1211
1219
1229
1236
1238
1243
1246
1270
1271
1278
1280
1281
1288
1303
1311
1322
1324
1328
1340
1342
1357
1364
1373
1379
1383
1384
1392
1393
1395
1397
1398
1407
1410
1412
1422
1425
1426
1430
1434
1446
1450
1462
1465
1476
1479
1501
1516
1519
1523
1527
1534
1535
1565
1568
1579
1580
1583
