5
8
12
13
16
17
19
28
30
42
49
65
66
74
75
76
77
83
85
92
97
102
108
117
124
132
148
157
166
187
197
214
216
225
229
234
252
255
264
265
273
276
277
284
286
300
301
302
306
307
318
321
331
336
347
348
352
353
360
362
364
370
371
385
387
393
401
404
408
416
418
424
442
456
457
458
459
470
493
495
509
510
515
516
518
519
522
538
543
554
571
574
579
593
605
612
619
629
637
648
658
666
670
676
678
679
681
687
696
715
722
725
726
731
733
741
743
747
753
758
763
765
769
772
775
801
805
811
812
815
821
823
824
828
831
839
843
846
848
850
862
867
869
873
882
893
900
908
910
924
935
937
946
951
952
963
978
989
996
1006
1011
1012
1013
1030
1031
1037
1042
1046
1047
1050
1052
1058
1059
1065
1073
1074
1089
1095
1104
1107
1111
1114
1125
1149
1157
1162
1167
1182
1196
1200
1202
1203
1204
1210
1224
1230
1231
1235
1241
1245
1247
1253
1254
1259
1267
1272
1277
1292
1294
1295
1301
1313
1326
1331
1337
1339
1341
1344
1345
1349
1355
1359
1366
1368
1372
1382
1394
1401
1409
1418
1419
1421
1437
1439
1444
1445
1457
1460
1463
1469
1471
1488
1496
1497
1506
1508
1538
1545
1556
1561
1562
1564
1569
1570
1573
1578
