5
10
12
30
35
38
41
43
52
59
61
64
77
81
82
83
84
85
99
104
107
114
116
120
124
125
129
138
149
151
153
157
162
164
169
172
176
177
188
206
207
211
213
223
233
242
249
252
253
256
265
268
277
281
282
291
292
301
302
304
310
318
320
323
330
333
334
346
352
363
364
365
385
396
398
399
404
410
416
421
424
436
437
443
445
447
454
456
465
466
469
476
480
483
486
494
495
505
509
530
533
539
543
546
547
556
558
559
560
569
570
574
577
584
588
594
595
607
611
613
614
616
620
623
629
630
633
638
644
645
650
653
664
668
676
679
686
688
695
704
705
706
711
712
713
722
729
735
740
741
747
748
753
754
761
771
793
795
806
808
809
813
820
827
833
834
840
851
859
860
861
862
866
870
877
888
889
890
891
892
893
901
910
922
930
942
950
954
956
959
961
967
971
983
988
989
996
1002
1006
1012
1020
1022
1025
1027
1033
1034
1035
1043
1046
1050
1066
1070
1073
1081
1084
1086
1096
1100
1106
1112
1122
1129
1130
1132
1142
1143
1147
1152
1153
1164
1170
1181
1182
1183
1184
1188
1189
1193
1194
1203
1204
1211
1214
1239
1242
1246
1247
1248
1254
1255
1259
1265
1266
1267
1275
1281
1284
1288
1290
1294
1296
1297
1298
1300
1323
1326
1330
1334
1343
1346
1347
1350
1361
1362
1368
1370
1379
1394
1396
1402
1414
1421
1422
1425
1435
1444
1446
1451
1461
1462
1465
1482
1498
1500
1508
1517
1534
1543
1549
1553
1558
1566
1569
1573
