3
14
20
24
54
56
65
69
80
86
87
97
98
106
111
122
131
137
148
154
158
165
167
175
180
186
189
201
202
203
215
216
218
220
229
237
244
267
270
273
278
280
283
287
294
303
324
326
331
338
339
344
351
360
362
367
371
373
381
384
387
392
402
403
413
442
446
452
458
462
463
478
482
496
506
507
517
518
525
529
542
550
551
564
589
591
597
605
606
617
624
625
648
652
655
661
672
682
684
687
689
692
697
700
703
710
717
723
730
744
751
755
756
757
762
764
770
775
776
778
780
785
789
792
797
811
828
838
843
863
867
868
878
879
887
899
906
908
928
932
935
936
937
940
944
955
965
972
977
980
991
993
997
1001
1003
1013
1016
1018
1023
1024
1030
1031
1032
1038
1042
1047
1058
1059
1061
1071
1074
1080
1083
1097
1098
1114
1146
1150
1154
1155
1156
1159
1160
1161
1169
1173
1175
1177
1178
1192
1195
1199
1207
1215
1217
1220
1225
1227
1231
1250
1268
1269
1270
1273
1282
1285
1287
1293
1299
1307
1309
1311
1320
1332
1336
1337
1338
1339
1342
1363
1388
1397
1405
1406
1416
1417
1418
1419
1420
1424
1436
1443
1449
1456
1460
1464
1474
1478
1481
1487
1490
1492
1502
1505
1507
1509
1516
1524
1532
1540
1541
1545
1551
1559
1560
1565
1571
1574
1580
