2
9
15
16
26
27
28
33
34
40
47
60
66
71
90
93
100
101
103
110
115
126
128
140
142
143
146
156
159
166
181
183
185
190
193
197
226
228
232
240
247
248
259
263
264
293
296
298
299
308
314
316
332
335
350
355
359
369
376
388
389
393
401
405
415
419
420
425
426
429
433
434
440
444
460
461
467
472
473
474
479
484
488
489
500
501
508
514
515
523
524
531
532
538
540
552
567
579
587
598
599
601
618
619
621
626
636
642
647
657
665
673
674
677
681
690
698
702
720
721
749
766
767
773
777
782
788
794
798
799
800
803
812
822
830
831
832
835
836
844
852
894
895
905
909
912
914
915
917
931
933
941
946
968
973
986
998
1007
1015
1019
1041
1056
1057
1062
1067
1072
1077
1078
1079
1082
1088
1103
1105
1107
1109
1111
1118
1119
1138
1144
1158
1198
1200
1208
1210
1226
1229
1230
1232
1233
1234
1237
1240
1257
1263
1272
1274
1280
1304
1306
1314
1316
1322
1335
1348
1351
1352
1353
1355
1356
1359
1372
1373
1375
1376
1377
1378
1380
1382
1389
1399
1437
1439
1442
1445
1450
1454
1457
1468
1473
1476
1489
1495
1514
1518
1520
1521
1528
1536
1537
1538
1539
1542
1550
1552
1554
1562
1570
1575
