4
8
11
18
21
22
25
36
39
50
51
57
58
72
75
78
102
117
127
136
144
147
150
152
194
198
204
205
221
222
224
235
236
243
246
251
257
269
271
274
276
279
288
290
297
309
311
329
340
342
343
347
354
370
372
377
382
400
407
412
422
431
432
439
450
453
464
468
470
477
485
492
502
504
513
527
534
536
541
544
548
553
555
557
563
565
571
572
575
576
583
585
590
600
608
627
628
639
654
669
671
675
680
683
685
693
696
699
708
709
715
716
725
728
731
734
738
750
758
759
765
772
774
779
784
786
787
791
816
818
824
841
845
857
858
872
875
876
880
897
898
900
903
904
911
913
920
923
925
926
927
934
943
945
952
960
962
963
964
978
992
999
1000
1011
1014
1029
1037
1044
1051
1063
1085
1089
1091
1094
1102
1104
1108
1110
1121
1124
1131
1137
1139
1148
1166
1167
1176
1180
1185
1186
1187
1196
1197
1206
1213
1219
1221
1224
1238
1245
1251
1252
1256
1260
1264
1271
1286
1291
1301
1303
1319
1325
1328
1329
1333
1340
1345
1358
1360
1365
1367
1381
1387
1393
1398
1400
1401
1409
1413
1423
1427
1438
1441
1452
1455
1463
1469
1480
1494
1506
1512
1523
1527
1530
1531
1547
1555
1557
1563
1572
1576
1577
