1
7
13
37
44
45
48
49
62
70
74
89
91
94
96
105
108
109
112
113
119
121
130
133
134
139
141
155
160
161
163
170
171
173
179
182
184
187
191
195
196
199
200
209
212
217
219
225
230
231
234
241
245
250
255
260
262
266
272
285
289
295
305
306
307
312
313
315
317
321
325
327
328
341
345
356
368
378
379
380
383
386
390
394
395
408
417
418
423
428
438
448
449
451
455
475
481
487
493
497
498
510
511
512
516
521
537
545
549
566
568
581
593
596
602
603
610
612
615
632
634
635
637
640
641
651
656
659
662
663
666
701
718
726
727
737
745
760
768
781
783
790
802
805
810
814
815
817
821
823
825
826
829
842
849
855
856
865
869
883
884
896
907
916
919
921
924
929
947
949
951
957
966
974
975
979
982
1004
1005
1010
1017
1028
1040
1048
1049
1052
1053
1054
1064
1068
1069
1090
1092
1093
1101
1115
1117
1123
1125
1127
1134
1135
1136
1140
1151
1157
1162
1163
1165
1171
1174
1179
1190
1191
1201
1205
1218
1222
1223
1228
1249
1253
1283
1292
1308
1313
1341
1344
1354
1366
1369
1383
1384
1385
1390
1391
1395
1403
1404
1410
1412
1426
1432
1433
1434
1458
1459
1471
1472
1475
1477
1479
1483
1493
1496
1497
1511
1522
1525
1526
1535
1544
1546
1556
1561
1568
1578
1579
