0
6
17
19
23
29
31
32
42
46
53
55
63
67
68
73
76
79
88
92
95
118
123
132
135
145
168
174
178
192
208
210
214
227
238
239
254
258
261
275
284
286
300
319
322
336
337
348
349
353
357
358
361
366
374
375
391
397
406
409
411
414
427
430
435
441
457
459
471
490
491
499
503
519
520
522
526
528
535
554
561
562
573
578
580
582
586
592
604
609
622
631
643
646
649
658
660
667
670
678
691
694
707
714
719
724
732
733
736
739
742
743
746
752
763
769
796
801
804
807
819
837
839
846
847
848
850
853
854
864
871
873
874
881
882
885
886
902
918
938
939
948
953
958
969
970
976
981
984
985
987
990
994
995
1008
1009
1021
1026
1036
1039
1045
1055
1060
1065
1075
1076
1087
1095
1099
1113
1116
1120
1126
1128
1133
1141
1145
1149
1168
1172
1202
1209
1212
1216
1235
1236
1241
1243
1244
1258
1261
1262
1276
1277
1278
1279
1289
1295
1302
1305
1310
1312
1315
1317
1318
1321
1324
1327
1331
1349
1357
1364
1371
1374
1386
1392
1407
1408
1411
1415
1428
1429
1430
1431
1440
1447
1448
1453
1466
1467
1470
1484
1485
1486
1488
1491
1499
1501
1503
1504
1510
1513
1515
1519
1529
1533
1548
1564
1567
