0
8
9
17
19
23
25
33
35
55
69
72
74
82
88
101
102
107
110
117
119
129
130
132
133
137
138
139
141
143
148
149
157
166
170
172
176
181
189
191
199
200
202
207
222
223
224
228
232
233
235
237
238
245
255
257
263
270
272
285
286
293
308
312
316
325
330
331
338
347
350
355
370
375
380
381
384
387
389
391
421
428
444
445
450
459
462
467
483
494
496
497
505
523
528
534
535
536
541
547
548
557
567
570
572
573
578
586
588
589
594
598
600
604
607
624
625
628
634
635
638
640
643
647
648
652
658
684
694
701
702
707
713
728
736
740
745
750
758
766
767
768
771
794
800
802
814
816
820
826
836
837
840
843
867
884
887
900
901
906
920
924
926
929
945
949
953
965
967
971
973
974
983
985
991
992
993
1000
1003
1015
1027
1029
1030
1040
1058
1068
1071
1072
1073
1074
1076
1081
1082
1086
1093
1103
1105
1106
1108
1112
1113
1116
1121
1122
1133
1139
1144
1152
1153
1155
1160
1162
1165
1177
1181
1183
1185
1189
1192
1194
1197
1200
1203
1218
1238
1247
1252
1259
1264
1269
1278
1285
1296
1301
1302
1304
1308
1318
1326
1339
1348
1350
1357
1362
1367
1368
1369
1371
1372
1387
1401
1402
1409
1418
1424
1433
1435
1445
1454
1458
1464
1468
1482
1486
1493
1502
1564
1567
1585
1586
