4
6
17
22
34
37
39
42
55
56
60
64
67
70
77
81
83
88
98
104
113
115
119
129
143
147
155
163
167
181
193
202
220
222
225
228
237
243
249
255
260
270
273
293
300
301
302
305
308
309
315
321
323
326
329
336
339
369
371
375
381
387
391
394
400
408
409
415
416
418
423
431
450
451
452
467
486
490
491
496
498
501
502
509
515
522
529
530
537
546
547
549
552
559
560
564
568
573
576
586
588
606
616
628
630
632
636
642
643
647
650
655
658
661
664
665
666
670
676
679
683
715
717
718
724
727
745
746
749
758
763
772
773
779
785
799
800
809
815
820
826
831
835
842
845
856
867
872
873
878
882
888
890
912
915
916
929
936
968
979
990
992
997
1000
1011
1018
1022
1023
1025
1027
1034
1047
1051
1056
1057
1070
1072
1084
1093
1095
1096
1099
1115
1128
1131
1132
1136
1144
1149
1150
1154
1155
1162
1165
1170
1180
1184
1195
1208
1212
1215
1222
1245
1251
1253
1257
1266
1272
1275
1289
1296
1297
1300
1308
1314
1316
1321
1326
1331
1333
1351
1359
1377
1378
1380
1391
1398
1403
1438
1439
1441
1444
1451
1458
1465
1466
1470
1471
1484
1498
1500
1509
1511
1513
1514
1516
1519
1528
1529
1535
1538
1540
1543
1544
1545
1550
1553
1557
1568
1575
1578
