0
7
8
13
14
16
18
21
27
32
38
41
46
57
89
101
112
122
128
136
137
138
150
158
164
169
172
179
180
182
184
192
198
199
201
203
205
214
230
235
262
265
276
280
298
303
304
312
314
331
342
349
354
357
359
366
368
370
378
386
398
406
407
410
419
424
429
430
439
447
453
456
462
473
483
504
508
510
511
516
532
539
542
543
555
561
566
571
574
578
594
614
618
629
633
641
660
663
689
704
707
709
710
712
716
720
722
732
741
742
744
753
759
762
764
768
775
776
782
783
787
789
792
795
808
813
816
818
823
827
829
832
834
841
847
852
854
857
862
881
886
897
901
905
917
920
928
930
933
934
937
939
948
955
963
972
974
989
994
996
1005
1009
1013
1028
1029
1033
1037
1048
1061
1075
1088
1098
1103
1120
1135
1138
1145
1146
1147
1160
1174
1178
1181
1182
1188
1194
1199
1206
1209
1211
1214
1216
1217
1221
1231
1233
1238
1262
1281
1284
1303
1304
1317
1336
1337
1347
1350
1354
1360
1363
1366
1368
1369
1379
1392
1411
1412
1417
1432
1453
1462
1469
1472
1473
1480
1481
1482
1486
1490
1494
1496
1499
1501
1508
1522
1524
1526
1534
1537
1542
1547
1549
1552
1555
1566
1572
1582
