5
10
12
15
19
28
29
53
58
59
68
69
74
90
91
96
97
103
111
125
130
148
154
159
166
177
185
189
196
207
212
215
217
221
226
227
231
232
234
245
248
251
261
266
275
278
283
289
290
294
306
319
330
333
340
343
345
351
360
363
367
373
384
385
389
403
404
420
421
428
432
446
454
457
458
460
466
469
476
485
493
505
518
521
525
527
528
534
541
548
553
556
567
579
580
581
584
605
609
610
639
644
645
652
656
662
681
684
691
696
697
700
701
706
711
721
725
729
735
737
738
743
751
755
756
760
774
784
791
794
797
802
803
806
810
811
843
853
859
866
884
902
909
919
923
927
944
947
949
950
952
957
958
961
969
976
978
981
984
985
986
987
988
995
999
1007
1008
1014
1030
1040
1043
1052
1060
1062
1064
1066
1074
1077
1078
1082
1087
1091
1097
1105
1113
1117
1119
1130
1148
1152
1167
1171
1172
1175
1183
1186
1191
1197
1213
1223
1224
1225
1226
1240
1241
1248
1249
1250
1270
1276
1277
1283
1287
1302
1305
1309
1313
1315
1327
1329
1330
1334
1340
1348
1349
1356
1364
1373
1376
1390
1393
1394
1395
1399
1401
1402
1404
1406
1410
1414
1415
1421
1429
1430
1436
1440
1445
1447
1450
1455
1457
1474
1475
1478
1483
1488
1489
1523
1530
1531
1532
1539
1567
1573
1576
1579
