1
13
15
16
20
27
28
32
41
42
47
54
65
66
70
77
85
91
92
93
95
96
103
115
116
124
126
145
150
153
187
197
198
204
206
208
209
213
217
218
227
229
231
236
247
252
260
265
268
287
290
295
297
305
320
339
345
348
349
357
358
360
374
383
402
403
405
407
411
414
417
418
419
433
455
457
464
468
469
473
481
484
508
521
522
546
551
553
565
566
569
574
581
590
597
601
608
609
611
615
616
619
623
630
639
663
666
669
671
677
678
685
690
703
709
726
730
735
751
754
759
761
763
770
779
803
824
830
833
835
838
850
856
863
865
871
879
880
883
886
890
897
907
908
917
919
921
927
935
940
947
950
959
968
979
986
990
994
1001
1004
1010
1021
1059
1062
1067
1069
1085
1087
1098
1104
1109
1110
1129
1130
1131
1134
1140
1141
1143
1146
1148
1158
1169
1170
1180
1191
1195
1201
1202
1204
1211
1217
1220
1231
1242
1243
1245
1275
1279
1280
1282
1289
1297
1299
1309
1314
1315
1321
1328
1336
1340
1351
1352
1364
1374
1381
1390
1392
1427
1431
1432
1444
1446
1447
1448
1460
1466
1472
1473
1475
1478
1494
1505
1509
1519
1525
1534
1535
1545
1552
1559
1560
1561
1563
1570
1571
1573
1575
