1
9
11
24
36
44
50
51
73
82
102
106
107
109
131
132
134
135
144
145
149
152
156
157
160
168
176
190
191
194
197
204
209
210
211
233
240
259
264
281
295
332
334
335
337
338
344
353
355
356
361
364
374
376
377
380
382
383
388
393
399
401
405
413
414
427
434
435
442
444
455
459
464
468
477
478
484
489
492
500
503
507
517
533
538
540
545
554
557
569
572
577
591
592
596
597
601
615
617
622
626
634
640
646
657
669
671
672
677
687
688
692
693
698
699
708
719
728
733
754
757
770
778
780
781
796
805
812
814
817
828
840
844
849
850
863
865
870
871
876
883
885
889
893
896
898
925
932
940
941
962
964
966
967
975
977
993
998
1001
1002
1003
1015
1016
1017
1024
1031
1035
1036
1046
1053
1054
1063
1065
1068
1079
1089
1092
1094
1104
1109
1110
1118
1126
1134
1141
1157
1163
1166
1173
1177
1185
1187
1190
1192
1193
1196
1203
1205
1207
1243
1247
1254
1255
1256
1258
1259
1260
1269
1273
1279
1286
1294
1295
1298
1306
1307
1320
1322
1343
1344
1353
1355
1358
1367
1370
1374
1381
1383
1384
1385
1405
1416
1422
1433
1446
1448
1449
1460
1461
1468
1485
1493
1497
1502
1510
1515
1554
1559
1560
1561
1565
1570
1571
1581
