3
7
24
32
33
35
37
43
48
50
59
66
74
83
93
95
113
116
134
138
139
153
159
161
169
183
186
189
195
203
205
210
214
216
219
220
227
228
229
230
231
232
233
242
245
250
261
265
272
278
279
281
293
298
302
304
312
320
322
335
343
345
358
360
364
373
376
393
398
404
409
411
438
442
446
475
481
484
487
491
508
514
516
525
533
544
545
563
564
567
570
578
581
582
584
585
602
604
609
615
616
624
631
633
641
647
649
658
659
661
663
666
669
671
674
689
692
697
702
713
714
716
717
723
725
728
735
737
738
741
742
747
750
751
756
757
758
763
765
778
779
780
781
785
788
795
805
814
821
831
853
854
855
857
867
869
876
881
882
883
886
892
894
896
899
901
912
919
920
935
940
942
946
970
979
980
981
983
998
1000
1003
1012
1015
1021
1029
1033
1035
1036
1050
1055
1066
1073
1084
1086
1088
1094
1108
1114
1116
1121
1127
1138
1139
1151
1156
1157
1158
1159
1170
1171
1173
1182
1183
1184
1189
1192
1201
1204
1235
1236
1240
1243
1259
1266
1280
1283
1286
1288
1289
1293
1304
1312
1316
1321
1327
1331
1346
1355
1390
1394
1396
1398
1405
1409
1413
1433
1434
1454
1460
1466
1475
1489
1490
1493
1500
1505
1509
1510
1521
1522
1528
1540
1563
1567
1577
