5
11
13
22
27
29
41
44
47
55
56
67
68
71
77
78
84
88
92
97
102
110
117
121
127
129
130
141
146
147
148
149
150
152
162
166
170
173
175
177
178
180
185
190
194
217
226
235
246
247
264
266
284
286
292
294
296
305
306
308
313
315
318
324
333
339
340
349
355
359
365
368
377
380
399
413
420
436
437
440
443
445
450
452
453
457
480
483
488
499
500
503
519
521
524
535
536
540
549
560
571
586
587
589
593
598
623
636
642
648
656
672
676
680
687
690
696
700
704
715
722
727
730
734
740
744
748
769
774
782
783
786
789
799
806
808
811
812
828
833
843
856
860
875
887
890
897
911
913
914
915
916
926
928
930
941
947
950
957
961
962
967
968
969
984
988
995
1006
1018
1020
1025
1044
1052
1056
1058
1059
1071
1089
1090
1091
1092
1096
1097
1105
1109
1111
1122
1125
1134
1140
1147
1148
1154
1164
1167
1169
1176
1190
1196
1203
1205
1207
1214
1222
1227
1232
1241
1245
1246
1255
1258
1261
1267
1272
1279
1281
1290
1301
1310
1315
1322
1323
1349
1352
1354
1364
1367
1369
1370
1379
1380
1381
1386
1400
1402
1424
1436
1437
1445
1462
1472
1477
1482
1503
1514
1515
1517
1520
1535
1543
1549
1552
1560
1561
1564
1571
1573
1579
1580
