4
8
17
25
38
49
52
61
73
76
79
80
81
87
105
112
122
123
125
158
164
165
192
199
208
238
252
254
256
257
260
263
270
271
297
300
309
321
323
325
330
336
347
348
351
352
353
354
356
361
362
363
371
375
379
390
401
433
441
444
449
459
461
463
465
467
471
474
478
479
489
490
493
494
496
506
510
513
530
531
541
551
554
555
556
562
568
569
572
576
588
590
592
594
599
601
607
612
630
638
639
650
653
655
665
667
675
677
678
683
684
691
701
705
709
710
711
718
739
767
775
777
790
791
794
797
801
802
816
819
822
824
830
841
849
863
878
880
884
889
893
898
902
906
917
925
929
937
951
956
958
959
963
971
973
978
982
987
993
1007
1011
1022
1023
1026
1028
1031
1037
1038
1041
1042
1043
1047
1048
1051
1074
1075
1076
1077
1078
1085
1087
1098
1099
1102
1103
1106
1110
1118
1120
1123
1124
1133
1135
1136
1144
1153
1165
1168
1175
1177
1180
1187
1188
1206
1208
1209
1210
1218
1221
1228
1229
1230
1237
1244
1249
1252
1275
1276
1278
1282
1284
1294
1306
1307
1319
1320
1324
1325
1335
1337
1338
1339
1343
1345
1351
1353
1357
1363
1371
1373
1376
1384
1389
1391
1393
1403
1406
1408
1418
1419
1422
1425
1427
1428
1429
1442
1444
1453
1467
1470
1476
1478
1479
1480
1491
1497
1498
1512
1516
1519
1531
1532
1536
1537
1544
1545
1546
1555
1562
1566
1574
1576
1578
