1
10
20
28
31
42
46
54
69
72
98
100
114
115
118
126
131
132
136
142
154
155
160
168
171
172
174
176
179
182
188
191
198
207
209
212
213
218
224
236
237
244
251
258
259
267
274
275
290
291
301
326
328
329
334
341
342
357
370
372
378
386
392
402
403
405
407
408
410
421
425
428
429
432
434
447
448
456
458
466
469
476
482
517
520
522
523
529
532
537
538
543
546
561
566
573
575
579
591
597
606
608
611
620
625
627
632
643
644
646
652
664
670
679
681
682
685
686
688
693
721
733
745
746
749
754
759
764
770
772
784
796
809
815
817
825
827
829
837
838
839
845
851
852
862
864
865
871
874
888
903
918
921
923
932
939
943
944
945
948
953
974
976
989
994
999
1001
1002
1014
1016
1017
1019
1024
1027
1039
1061
1065
1083
1100
1112
1115
1126
1128
1130
1137
1142
1145
1150
1155
1179
1185
1186
1191
1193
1194
1212
1213
1215
1217
1223
1247
1253
1260
1262
1263
1277
1287
1291
1299
1305
1311
1313
1317
1333
1342
1344
1350
1358
1361
1365
1392
1401
1410
1417
1423
1426
1430
1439
1441
1448
1459
1465
1488
1492
1496
1501
1504
1511
1518
1523
1524
1525
1530
1533
1534
1538
1541
1542
1550
1551
1554
1568
1569
1570
1583
1585
1586
1587
1588
