0
6
18
21
23
30
34
36
40
51
53
58
60
62
75
86
90
91
96
99
106
108
111
119
120
133
135
137
145
151
157
163
167
187
206
215
225
234
255
262
269
282
288
295
307
319
331
332
346
367
374
381
382
383
387
388
389
394
395
396
400
412
414
417
418
419
422
426
430
431
435
451
454
455
460
462
464
468
473
486
492
495
497
498
501
507
518
528
548
550
552
557
558
559
565
577
580
596
605
610
614
619
621
626
628
654
695
698
699
706
707
712
720
724
726
731
732
736
752
753
760
761
762
766
776
803
810
823
826
832
835
836
840
847
848
868
870
872
891
900
904
908
909
927
931
938
952
954
965
985
986
990
991
996
997
1004
1010
1030
1032
1034
1040
1045
1046
1053
1062
1064
1067
1069
1070
1072
1080
1095
1104
1107
1129
1131
1143
1149
1163
1178
1195
1199
1202
1211
1219
1220
1224
1233
1234
1239
1242
1248
1250
1251
1256
1264
1265
1269
1270
1271
1273
1285
1292
1298
1300
1318
1328
1329
1334
1336
1340
1341
1347
1356
1362
1372
1378
1382
1383
1387
1388
1395
1397
1399
1404
1407
1411
1412
1432
1435
1440
1443
1447
1449
1450
1458
1461
1468
1471
1473
1486
1494
1495
1499
1502
1526
1529
1556
1557
1565
1575
1584
1589
