2
9
12
14
15
16
19
26
39
45
57
63
64
65
70
82
85
89
94
101
103
104
107
109
124
128
140
143
144
156
181
184
193
196
197
200
201
202
204
211
221
222
223
239
240
241
243
248
249
253
268
273
276
277
280
283
285
287
289
299
303
310
311
314
316
317
327
337
338
344
350
366
369
384
385
391
397
406
415
416
423
424
427
439
470
472
477
485
502
504
505
509
511
512
515
526
527
534
539
542
547
553
574
583
595
600
603
613
617
618
622
629
634
635
637
640
645
651
657
660
662
668
673
694
703
708
719
729
743
755
768
771
773
787
792
793
798
800
804
807
813
818
820
834
842
844
846
850
858
859
861
866
873
877
879
885
895
905
907
910
922
924
933
934
936
949
955
960
964
966
972
975
977
992
1005
1008
1009
1013
1049
1054
1057
1060
1063
1068
1079
1081
1082
1093
1101
1113
1117
1119
1132
1141
1146
1152
1160
1161
1162
1166
1172
1174
1181
1197
1198
1200
1216
1225
1226
1231
1238
1254
1257
1268
1274
1295
1296
1297
1302
1303
1308
1309
1314
1326
1330
1332
1348
1359
1360
1366
1368
1374
1375
1377
1385
1414
1415
1416
1420
1421
1431
1438
1446
1451
1452
1455
1456
1457
1463
1464
1469
1474
1481
1483
1484
1485
1487
1506
1507
1508
1513
1527
1539
1547
1548
1553
1558
1559
1572
1581
1582
