5
6
9
10
13
15
23
35
40
43
44
49
50
51
54
71
73
74
108
120
134
139
143
152
161
163
165
175
177
190
193
194
199
206
216
232
233
237
238
243
249
251
259
275
276
284
285
286
287
288
289
295
301
308
334
338
354
361
364
368
374
377
378
382
388
399
402
405
409
417
418
420
422
430
433
462
465
467
472
477
478
487
488
495
502
503
508
510
545
547
562
564
568
579
589
592
595
597
604
610
617
620
621
626
627
631
646
648
656
666
669
670
674
679
683
687
691
696
717
718
719
720
725
726
731
742
751
756
757
772
787
788
803
804
808
811
812
817
826
828
830
839
848
864
869
871
874
889
891
896
897
904
912
918
924
939
940
942
948
950
954
959
961
966
973
974
977
993
999
1002
1004
1011
1020
1025
1031
1037
1039
1058
1064
1068
1075
1081
1082
1086
1092
1093
1105
1106
1126
1139
1147
1155
1158
1168
1171
1174
1175
1179
1180
1190
1192
1196
1202
1209
1212
1214
1223
1231
1233
1234
1238
1244
1245
1252
1253
1264
1273
1274
1282
1284
1291
1292
1293
1295
1299
1300
1302
1315
1318
1324
1327
1346
1348
1355
1357
1359
1362
1370
1371
1374
1376
1379
1387
1392
1397
1405
1420
1430
1433
1435
1441
1443
1444
1446
1453
1457
1459
1462
1465
1475
1477
1480
1484
1491
1513
1516
1522
1528
1529
1533
1559
1565
1576
