1
8
11
16
20
26
29
31
32
60
65
68
70
72
76
77
80
85
86
91
94
102
113
115
118
125
128
133
144
145
148
168
176
181
208
211
213
215
217
219
220
246
267
268
283
291
304
306
311
327
328
331
335
342
349
357
367
371
372
381
385
403
404
414
416
431
435
439
444
448
450
452
456
460
464
468
471
473
481
501
504
512
515
517
519
522
524
529
530
533
534
543
549
552
561
567
577
581
609
613
622
624
633
641
643
650
654
657
658
659
675
677
692
694
695
698
700
710
711
713
714
723
730
735
749
750
755
762
763
766
770
774
776
781
784
790
791
792
794
795
807
814
832
834
835
837
847
849
856
859
861
862
863
865
881
882
894
898
905
910
916
919
921
925
934
937
944
947
955
963
980
984
987
992
1001
1009
1019
1022
1032
1036
1043
1047
1048
1067
1069
1077
1079
1084
1087
1088
1089
1097
1099
1101
1107
1109
1111
1127
1128
1136
1137
1143
1154
1156
1160
1165
1176
1184
1189
1194
1197
1211
1232
1239
1247
1248
1250
1255
1258
1259
1269
1271
1278
1280
1289
1294
1297
1301
1306
1314
1316
1317
1319
1321
1329
1330
1358
1360
1363
1364
1372
1375
1377
1382
1386
1390
1403
1422
1424
1428
1431
1442
1448
1449
1451
1455
1456
1460
1468
1470
1476
1483
1486
1494
1506
1509
1512
1514
1520
1524
1526
1539
1540
1542
1552
1556
1563
1568
1569
1577
