4
14
18
28
33
37
41
45
46
48
61
64
66
69
81
82
88
89
104
106
107
114
119
123
124
126
131
140
147
151
153
156
162
166
172
174
180
183
189
191
202
218
223
224
231
241
242
250
258
263
270
273
290
298
307
309
314
321
325
337
345
346
347
352
360
365
373
375
391
393
394
396
397
400
421
423
424
426
436
438
440
441
442
447
449
455
463
475
506
507
511
526
527
532
535
536
537
538
569
571
575
580
582
588
591
601
602
603
607
614
628
637
638
649
655
665
668
680
681
689
706
715
722
724
728
733
737
740
741
746
747
759
764
771
779
780
785
793
821
823
827
833
842
851
852
855
873
878
880
884
886
892
903
907
908
914
917
920
933
943
945
958
962
985
991
997
998
1008
1016
1049
1052
1053
1059
1060
1072
1073
1098
1104
1115
1130
1138
1144
1157
1162
1164
1166
1167
1169
1170
1172
1182
1183
1200
1203
1208
1215
1218
1221
1227
1228
1240
1265
1266
1270
1272
1276
1286
1288
1308
1323
1325
1332
1337
1343
1344
1353
1369
1373
1378
1383
1385
1391
1393
1398
1400
1401
1406
1410
1412
1416
1419
1421
1432
1437
1450
1458
1461
1463
1467
1469
1473
1479
1482
1492
1497
1499
1503
1504
1505
1518
1519
1525
1532
1547
1564
1567
