2
22
25
30
38
39
42
52
58
59
67
78
90
92
93
99
101
103
109
111
112
122
132
137
142
146
154
155
164
170
178
182
184
187
195
201
204
205
225
229
236
240
247
272
274
278
279
280
281
294
299
302
303
313
319
320
326
330
339
341
343
348
355
356
362
369
370
379
380
383
389
395
401
407
411
413
415
428
451
453
457
461
476
483
486
490
505
513
514
516
521
525
531
544
546
550
556
560
578
585
586
587
590
594
598
599
605
606
608
612
615
618
619
623
629
635
639
642
651
660
667
676
688
690
699
701
702
703
708
709
736
738
745
753
754
758
760
767
775
777
796
798
800
802
805
820
822
824
825
831
841
843
854
866
867
870
872
875
877
883
885
901
902
913
923
927
928
929
932
935
951
952
956
960
964
970
972
978
979
995
996
1007
1010
1012
1013
1018
1021
1028
1033
1041
1045
1046
1055
1056
1062
1065
1080
1085
1096
1110
1113
1114
1121
1122
1129
1133
1146
1148
1151
1185
1191
1213
1219
1224
1229
1237
1242
1243
1246
1249
1251
1256
1263
1268
1279
1281
1283
1290
1303
1305
1310
1311
1322
1326
1331
1335
1340
1341
1342
1345
1347
1350
1354
1365
1368
1381
1394
1395
1407
1409
1413
1426
1438
1439
1454
1474
1478
1488
1493
1496
1500
1501
1507
1521
1531
1535
1536
1537
1541
1544
1546
1549
1550
1554
1557
1573
