3
12
17
19
21
27
36
53
55
56
57
62
63
75
83
84
95
98
100
105
110
116
127
129
141
150
159
169
171
179
185
186
196
198
200
207
209
210
226
234
235
239
244
245
252
254
256
269
271
277
305
312
318
322
329
332
353
366
387
392
398
406
408
410
412
419
427
429
445
458
466
474
480
482
484
492
494
497
499
518
520
523
528
539
540
554
555
557
558
565
566
572
573
574
600
616
625
630
634
636
640
644
652
661
664
672
678
682
685
693
705
721
729
744
761
768
769
773
778
782
786
797
799
806
810
813
818
829
836
840
844
850
876
879
890
895
899
900
911
922
936
938
946
949
965
967
969
981
988
990
994
1000
1005
1006
1015
1023
1024
1026
1027
1029
1030
1034
1035
1042
1044
1054
1057
1063
1066
1070
1071
1083
1090
1095
1102
1103
1112
1116
1118
1119
1120
1124
1125
1131
1134
1135
1142
1152
1159
1177
1178
1181
1186
1187
1198
1204
1206
1207
1210
1216
1217
1220
1225
1230
1254
1257
1260
1261
1267
1275
1287
1298
1304
1307
1309
1312
1313
1333
1339
1351
1352
1361
1366
1367
1388
1396
1399
1404
1408
1411
1417
1425
1434
1436
1445
1447
1472
1481
1487
1490
1495
1498
1502
1508
1510
1515
1517
1530
1538
1543
1548
1555
1558
1560
1561
1566
1571
1572
1575
1579
