0
7
24
34
47
79
87
96
97
117
121
130
135
136
138
149
157
158
160
167
173
188
192
197
203
212
214
221
222
227
228
230
248
253
255
257
260
261
262
264
265
266
282
292
293
296
297
300
310
315
316
317
323
324
333
336
340
344
350
351
358
359
363
376
384
386
390
425
432
434
437
443
446
454
459
469
470
479
485
489
491
493
496
498
500
509
541
542
548
551
553
559
563
570
576
583
584
593
596
611
632
645
647
653
662
663
671
673
684
686
697
704
707
712
716
727
732
734
739
743
748
752
765
783
789
801
809
815
816
819
838
845
846
853
857
858
860
868
887
888
893
906
909
915
926
930
931
941
953
957
968
971
975
976
982
983
986
989
1003
1014
1017
1038
1040
1050
1051
1061
1074
1076
1078
1091
1094
1100
1108
1117
1123
1132
1140
1141
1145
1149
1150
1153
1161
1163
1173
1188
1193
1195
1199
1201
1205
1222
1226
1235
1236
1241
1262
1277
1285
1296
1320
1328
1334
1336
1338
1349
1356
1380
1384
1389
1402
1414
1415
1418
1423
1427
1429
1440
1452
1464
1466
1471
1485
1489
1511
1523
1527
1534
1545
1551
1553
1562
1570
1574
1578
