0
9
15
16
17
20
29
40
41
44
49
63
65
67
72
73
77
101
112
119
134
145
158
168
174
180
184
187
190
201
206
207
211
213
222
225
226
228
230
246
249
250
262
275
295
299
303
314
322
337
345
347
361
366
372
387
394
395
406
415
421
426
427
436
440
443
448
449
453
465
469
480
484
492
500
507
509
514
516
525
531
532
541
544
547
548
552
554
567
594
598
601
602
613
619
621
631
637
645
651
656
661
665
669
681
693
707
709
721
730
731
742
747
751
760
761
765
770
773
778
780
786
787
802
819
823
825
833
834
840
841
843
845
849
857
865
885
892
896
898
906
912
922
930
937
947
951
965
970
973
975
981
986
1003
1010
1014
1016
1030
1039
1047
1049
1051
1064
1070
1093
1097
1098
1099
1101
1103
1107
1113
1116
1126
1149
1152
1162
1165
1168
1174
1196
1200
1210
1217
1218
1225
1226
1228
1231
1235
1237
1246
1249
1251
1256
1257
1259
1261
1274
1276
1277
1278
1279
1281
1293
1306
1319
1322
1329
1334
1346
1348
1357
1379
1386
1409
1410
1414
1417
1428
1435
1451
1454
1461
1467
1500
1506
1523
1527
1531
1539
1552
1561
1566
1574
1575
