2
8
14
21
25
26
32
34
35
42
46
47
51
59
62
71
74
75
89
93
94
103
106
117
144
148
152
161
164
165
167
173
175
183
188
195
200
205
208
210
221
223
232
241
248
252
253
256
259
263
270
271
276
283
284
286
287
291
292
298
304
308
312
315
317
318
319
321
331
343
351
352
356
358
360
363
368
369
370
371
375
396
400
405
408
412
413
420
428
434
438
441
444
445
456
457
458
462
479
482
486
504
517
527
530
533
535
538
546
550
562
565
566
569
579
584
588
612
626
627
648
652
660
674
683
691
694
696
698
711
713
719
724
726
729
736
740
744
749
763
764
777
788
795
798
803
806
809
820
822
828
837
847
859
860
862
864
870
895
899
901
907
911
913
914
916
917
925
931
932
936
943
967
980
982
987
994
1001
1005
1020
1025
1026
1027
1031
1033
1044
1057
1060
1061
1067
1074
1080
1086
1087
1092
1095
1105
1112
1123
1130
1132
1137
1140
1144
1147
1175
1178
1183
1184
1185
1186
1187
1206
1211
1213
1219
1229
1234
1238
1239
1263
1275
1303
1310
1313
1314
1320
1331
1356
1366
1373
1381
1388
1396
1399
1404
1408
1412
1416
1422
1426
1427
1434
1438
1447
1465
1473
1478
1488
1491
1495
1497
1505
1515
1518
1533
1536
1544
1545
1549
1550
1558
1576
1577
1578
