5
13
23
36
38
39
43
54
55
64
66
69
79
80
81
84
88
92
118
120
121
126
133
135
139
142
147
149
156
163
172
176
179
196
197
202
215
227
244
255
257
258
266
274
277
294
296
297
301
324
328
335
336
341
346
350
357
359
367
379
382
385
392
397
398
399
404
424
439
447
463
464
475
483
485
488
494
496
497
498
512
513
519
521
522
528
529
534
539
540
551
553
555
557
558
559
570
576
585
595
603
604
608
609
611
618
625
629
635
639
644
646
650
653
658
666
668
671
672
675
679
682
689
690
699
701
702
703
706
712
717
734
737
743
746
756
757
769
772
784
805
807
814
827
830
835
836
839
850
853
854
866
868
872
876
877
880
888
889
891
894
897
910
915
924
927
938
939
942
948
955
960
962
974
976
978
979
983
985
988
999
1004
1006
1007
1008
1009
1012
1018
1024
1032
1042
1052
1066
1068
1069
1078
1089
1091
1106
1108
1109
1111
1115
1117
1120
1133
1134
1135
1139
1142
1155
1160
1161
1166
1169
1190
1194
1197
1205
1209
1212
1216
1224
1227
1230
1243
1253
1266
1291
1292
1302
1305
1307
1311
1312
1316
1323
1333
1338
1340
1345
1358
1359
1362
1363
1365
1377
1378
1383
1384
1389
1394
1405
1419
1423
1425
1429
1433
1436
1443
1445
1456
1458
1459
1460
1462
1468
1469
1470
1474
1487
1492
1496
1507
1512
1513
1514
1520
1521
1524
1537
1542
1557
1562
1565
1572
