1
7
10
30
31
45
57
68
70
76
78
83
91
97
104
107
109
116
125
129
130
131
132
151
153
157
182
185
186
191
193
212
224
235
239
240
245
260
261
272
288
305
309
311
323
325
342
354
373
378
384
386
388
390
393
407
414
416
418
419
431
435
437
442
446
459
471
473
474
481
493
501
506
523
526
545
564
572
577
580
592
597
605
607
614
616
632
636
640
647
654
657
663
664
677
687
688
700
720
727
728
776
781
782
783
792
796
799
811
812
848
855
861
873
878
881
882
883
893
902
903
904
920
929
941
945
949
950
959
961
968
969
977
989
990
992
995
998
1002
1021
1028
1034
1037
1038
1045
1056
1059
1062
1063
1073
1076
1077
1081
1094
1096
1100
1121
1122
1127
1150
1157
1164
1173
1188
1189
1192
1193
1220
1223
1232
1236
1244
1247
1248
1250
1252
1258
1260
1262
1264
1270
1271
1272
1273
1280
1283
1284
1285
1288
1290
1298
1299
1300
1315
1318
1321
1326
1327
1332
1341
1342
1344
1351
1352
1354
1367
1370
1376
1380
1393
1402
1407
1411
1415
1421
1430
1432
1441
1442
1446
1453
1457
1463
1475
1479
1485
1490
1493
1499
1502
1511
1525
1526
1528
1532
1538
1540
1541
1547
1556
1560
1564
1569
1570
1571
1579
