3
6
18
22
24
28
52
53
56
58
82
85
90
96
98
100
102
108
110
111
113
114
137
138
141
143
146
154
159
166
170
178
189
194
198
199
203
204
216
217
229
231
233
236
237
238
242
243
247
267
273
279
280
281
282
285
289
290
300
302
307
310
316
320
329
330
332
334
338
340
344
349
364
365
376
389
401
402
403
410
411
417
423
425
430
455
460
461
467
468
470
477
478
495
499
502
503
510
520
549
556
563
575
578
587
593
596
600
615
617
622
623
628
633
638
641
642
649
662
667
670
678
685
692
697
705
708
710
732
733
735
748
750
752
755
758
767
771
775
779
793
801
804
810
815
824
829
831
832
842
844
851
858
863
867
869
871
874
884
887
900
908
918
923
928
934
944
946
954
956
957
958
963
966
984
993
996
997
1017
1019
1022
1029
1040
1043
1046
1048
1050
1053
1065
1071
1082
1083
1084
1090
1102
1104
1110
1114
1125
1128
1129
1131
1136
1141
1143
1145
1146
1163
1170
1176
1181
1191
1198
1199
1201
1202
1204
1208
1221
1222
1233
1240
1241
1242
1245
1254
1255
1265
1282
1286
1295
1297
1309
1324
1325
1328
1330
1335
1336
1353
1355
1360
1364
1369
1371
1372
1382
1385
1387
1395
1398
1400
1401
1403
1418
1420
1424
1440
1452
1455
1466
1472
1476
1480
1481
1482
1483
1484
1489
1498
1510
1519
1529
1530
1535
1543
1548
1553
1555
1563
1568
1573
