4
11
12
19
27
33
37
48
50
60
61
86
87
95
99
105
115
122
123
124
127
128
136
140
150
155
160
162
169
171
177
181
192
209
214
218
219
220
234
251
254
264
265
268
269
278
293
306
313
326
327
333
339
348
353
355
362
374
377
380
381
383
391
409
422
429
432
433
450
451
452
454
466
472
476
487
489
490
491
505
508
511
515
518
524
536
537
542
543
560
561
568
571
573
574
581
582
583
586
589
590
591
599
606
610
620
624
630
634
643
655
659
673
676
680
684
686
695
704
714
715
716
718
722
723
725
738
739
741
745
753
754
759
762
766
768
774
785
789
790
791
794
797
800
808
813
816
817
818
821
826
838
846
852
856
875
879
886
890
905
909
919
921
926
933
935
940
952
953
964
971
972
991
1000
1011
1013
1015
1023
1035
1036
1041
1054
1055
1058
1072
1075
1079
1085
1088
1118
1119
1124
1138
1148
1151
1153
1154
1156
1158
1159
1167
1171
1172
1177
1179
1180
1182
1195
1203
1207
1214
1215
1267
1268
1269
1287
1289
1294
1296
1301
1304
1308
1317
1337
1339
1343
1347
1349
1350
1361
1368
1374
1375
1390
1391
1392
1397
1406
1413
1431
1437
1439
1444
1448
1449
1450
1464
1471
1477
1486
1494
1501
1503
1504
1508
1509
1516
1517
1522
1534
1546
1551
1554
1559
1567
1580
