1
6
7
40
46
49
68
69
71
74
91
94
115
117
119
120
122
123
133
135
142
144
151
153
155
156
158
171
174
180
190
197
203
206
207
208
210
211
215
224
225
228
231
233
236
237
240
241
248
253
254
257
258
265
268
273
274
289
292
301
306
315
316
318
320
321
324
335
357
358
363
367
375
378
381
386
387
390
393
395
396
400
414
416
418
421
425
428
446
464
467
476
481
488
492
493
498
507
508
513
520
523
527
531
538
539
554
556
559
563
572
585
587
590
593
602
614
617
619
628
629
632
633
641
644
647
649
669
684
686
690
697
698
700
702
705
706
711
726
727
729
730
732
742
750
755
760
762
765
776
786
787
788
798
800
803
805
812
814
821
822
825
830
844
846
854
864
875
879
882
884
888
892
908
915
919
930
936
940
943
948
950
951
956
963
968
973
976
978
979
982
998
1000
1009
1014
1028
1045
1047
1053
1054
1077
1084
1086
1087
1091
1094
1096
1105
1118
1131
1135
1136
1141
1145
1146
1147
1150
1160
1163
1176
1182
1183
1185
1201
1202
1203
1204
1207
1213
1216
1222
1224
1235
1237
1245
1252
1255
1256
1259
1274
1281
1285
1287
1308
1310
1318
1352
1362
1371
1399
1408
1411
1419
1440
1443
1447
1453
1455
1465
1473
1487
1490
1493
1497
1507
1510
1525
1541
1545
1553
1556
1559
1563
1565
1567
1570
1574
