2
10
28
33
37
38
41
42
43
47
48
55
58
65
70
76
77
78
79
83
98
103
107
108
131
137
139
140
146
157
175
176
177
182
183
185
187
188
193
194
198
199
209
212
222
229
238
244
256
260
262
263
269
271
284
294
297
303
305
314
317
322
330
334
339
340
346
349
351
361
362
366
371
377
389
405
410
422
437
438
440
442
444
448
449
454
463
468
478
484
490
512
516
518
519
525
530
547
555
561
568
579
591
599
601
604
610
620
637
646
648
652
653
655
671
696
707
713
714
716
733
738
739
741
745
747
757
763
766
772
774
777
779
781
783
789
791
802
808
818
819
826
828
835
850
856
859
862
863
866
868
877
880
881
886
893
894
907
909
910
911
917
918
923
924
927
928
938
947
953
967
987
992
1011
1024
1032
1033
1042
1043
1060
1061
1062
1074
1082
1098
1125
1126
1129
1134
1151
1159
1165
1166
1167
1171
1173
1175
1181
1184
1187
1189
1191
1197
1205
1211
1217
1219
1228
1230
1234
1246
1253
1254
1258
1263
1272
1279
1289
1290
1302
1316
1317
1319
1320
1324
1334
1336
1343
1345
1358
1364
1367
1372
1384
1387
1395
1404
1414
1417
1421
1426
1432
1433
1437
1442
1448
1451
1459
1460
1463
1466
1467
1469
1477
1495
1496
1498
1506
1517
1529
1534
1536
1538
1539
1554
1557
1558
1564
1581
1585
