0
12
15
17
18
35
72
87
90
95
100
101
106
112
125
127
130
143
147
166
168
172
179
181
191
220
221
232
235
247
250
259
266
279
282
290
296
298
302
310
311
313
319
328
331
336
338
342
344
353
356
360
368
374
402
412
423
430
432
451
452
456
471
482
485
487
491
494
506
511
535
541
548
566
567
569
571
573
578
584
594
597
598
603
609
613
616
623
624
631
636
638
639
656
657
658
659
662
664
665
666
678
683
685
701
703
704
708
709
710
712
715
718
719
722
723
725
737
748
752
756
767
768
769
780
785
801
806
813
816
820
833
840
841
853
860
874
876
878
883
885
900
903
904
925
933
935
942
961
965
969
971
972
975
986
988
991
993
1002
1004
1006
1013
1023
1027
1030
1031
1038
1041
1048
1052
1058
1066
1083
1089
1090
1095
1107
1109
1112
1115
1116
1128
1130
1142
1148
1157
1158
1161
1164
1169
1178
1192
1193
1195
1196
1199
1200
1206
1212
1220
1223
1231
1233
1239
1240
1241
1244
1249
1250
1251
1262
1264
1267
1269
1276
1291
1294
1304
1306
1309
1314
1321
1326
1332
1335
1338
1350
1351
1366
1369
1379
1380
1382
1393
1396
1397
1407
1410
1412
1418
1420
1427
1434
1439
1450
1452
1454
1457
1481
1483
1486
1488
1491
1505
1514
1521
1530
1542
1551
1560
1561
1578
1579
1584
