4
8
11
19
20
22
23
24
27
32
34
36
53
54
57
59
60
62
80
81
86
99
102
104
110
113
114
124
126
129
138
152
154
162
164
165
167
169
170
189
200
213
214
217
218
226
227
234
242
243
264
267
270
281
283
286
291
293
295
299
300
304
309
325
332
350
355
359
364
379
382
384
391
392
397
398
403
409
426
427
434
435
436
450
457
458
462
465
470
473
474
479
497
500
510
514
524
533
551
552
553
562
565
575
576
580
581
586
588
595
596
605
606
607
626
627
630
634
635
642
643
668
677
687
689
699
717
731
735
736
740
743
744
746
754
761
773
784
792
793
811
831
832
837
842
847
852
857
867
871
887
896
898
914
922
941
944
949
957
960
964
966
985
990
994
997
999
1003
1018
1022
1026
1063
1064
1065
1067
1069
1070
1071
1072
1079
1081
1099
1110
1120
1122
1123
1137
1138
1139
1149
1153
1155
1177
1186
1188
1190
1210
1225
1229
1232
1236
1248
1265
1268
1275
1288
1292
1298
1300
1311
1329
1333
1344
1346
1353
1357
1359
1375
1376
1378
1385
1386
1390
1392
1394
1401
1403
1406
1413
1415
1416
1422
1429
1430
1431
1449
1461
1462
1464
1468
1470
1472
1476
1479
1484
1485
1499
1503
1504
1519
1520
1523
1524
1527
1533
1543
1547
1548
1550
1552
1568
1572
1575
1576
1577
