5
14
16
25
26
31
39
44
45
50
52
56
64
73
82
89
93
105
111
116
128
136
145
149
150
163
184
186
195
202
204
205
216
219
230
245
249
252
275
277
280
285
287
326
329
333
343
347
354
370
376
380
383
406
407
408
411
413
415
420
431
433
441
447
453
459
461
469
472
477
480
495
496
501
503
504
505
515
521
522
526
529
532
537
544
560
564
577
582
583
589
600
608
611
615
618
621
650
654
660
661
667
670
673
674
675
679
681
682
691
692
693
694
720
721
724
728
759
778
782
790
795
804
807
810
815
824
827
829
834
836
839
843
845
851
865
869
873
889
895
897
902
906
912
931
932
937
946
952
962
974
977
981
984
995
1001
1007
1008
1010
1015
1017
1020
1029
1034
1037
1049
1050
1051
1055
1056
1057
1059
1068
1073
1076
1078
1080
1088
1092
1101
1108
1111
1117
1121
1124
1132
1133
1140
1143
1144
1152
1162
1179
1180
1198
1208
1209
1215
1218
1227
1238
1247
1257
1260
1266
1270
1271
1273
1277
1278
1282
1286
1293
1296
1299
1303
1312
1313
1323
1325
1328
1339
1340
1341
1348
1349
1361
1363
1368
1370
1373
1381
1383
1389
1398
1400
1424
1425
1436
1438
1444
1445
1456
1458
1474
1480
1482
1489
1501
1511
1512
1513
1516
1518
1522
1544
1546
1555
1562
1573
1583
