3
9
13
21
29
30
51
61
63
66
67
75
84
85
88
92
96
97
109
118
121
132
134
141
148
159
160
161
173
178
192
196
201
223
239
246
251
255
261
272
276
278
288
307
308
312
323
327
337
341
345
348
352
365
369
372
373
385
388
394
399
401
404
417
419
424
429
439
443
445
455
460
466
475
483
486
489
499
502
509
517
528
534
536
540
542
543
545
546
549
550
557
558
570
574
592
612
622
625
640
645
651
663
672
676
680
688
695
734
749
751
753
758
764
770
771
775
794
796
797
799
809
817
823
838
848
849
855
858
861
870
872
890
891
899
901
905
913
916
920
921
926
929
934
939
945
954
955
958
959
970
980
983
989
996
1005
1012
1016
1019
1021
1025
1035
1036
1039
1040
1044
1046
1075
1085
1093
1097
1100
1102
1103
1104
1106
1113
1114
1119
1127
1154
1156
1168
1170
1172
1174
1194
1214
1221
1226
1242
1243
1261
1280
1283
1284
1295
1297
1301
1305
1307
1315
1322
1327
1330
1331
1337
1342
1347
1354
1355
1356
1360
1365
1374
1377
1388
1391
1402
1405
1409
1423
1428
1435
1441
1446
1471
1475
1478
1492
1494
1500
1502
1508
1509
1515
1526
1528
1531
1532
1535
1537
1540
1549
1566
1569
1571
1580
1582
