2
6
8
14
15
20
23
29
31
36
40
44
47
53
59
76
77
78
90
91
99
102
110
112
119
122
136
139
147
151
165
167
173
174
175
176
177
180
186
216
223
233
246
249
252
256
261
273
275
276
279
291
292
294
315
324
327
339
340
341
362
365
371
393
398
402
413
422
428
436
439
447
449
451
457
464
466
471
478
481
486
489
498
499
505
508
511
512
520
521
524
525
537
539
542
543
544
545
547
548
549
561
568
573
580
583
586
589
590
591
598
600
604
606
609
611
616
619
621
630
631
633
635
641
648
654
684
689
690
691
694
721
729
732
736
750
752
753
768
781
785
793
799
804
817
823
829
834
835
838
842
853
856
857
860
869
873
890
896
901
910
920
934
935
936
944
958
962
967
968
969
976
986
988
992
997
1001
1008
1010
1028
1033
1058
1066
1069
1070
1079
1084
1089
1090
1093
1105
1107
1112
1122
1124
1129
1133
1137
1138
1142
1143
1144
1145
1150
1158
1162
1174
1175
1179
1180
1181
1189
1193
1209
1216
1222
1224
1227
1230
1236
1242
1244
1251
1253
1260
1264
1265
1271
1281
1322
1343
1352
1368
1371
1377
1398
1402
1404
1409
1410
1413
1443
1445
1447
1455
1456
1461
1467
1468
1498
1499
1500
1501
1507
1513
1523
1534
1549
1553
1554
1556
1563
1564
1577
