4
12
18
21
25
26
27
32
37
49
57
63
65
66
81
97
106
107
108
109
113
138
140
142
153
159
160
162
172
183
191
202
215
217
238
240
264
270
278
283
288
290
302
306
310
321
335
337
349
354
360
361
370
382
386
387
388
390
417
418
423
429
431
437
442
453
463
472
479
490
494
510
514
516
559
563
569
572
582
593
594
596
608
612
624
625
626
629
656
664
670
671
675
676
698
708
709
715
716
738
754
755
761
763
770
778
780
794
795
798
800
826
828
840
843
845
847
854
861
862
868
883
884
903
905
908
914
916
922
923
941
946
950
954
973
974
985
987
989
1011
1012
1016
1019
1020
1035
1041
1044
1048
1052
1062
1063
1065
1067
1073
1074
1076
1082
1095
1106
1113
1114
1118
1125
1128
1154
1156
1161
1163
1170
1171
1173
1177
1197
1200
1202
1214
1234
1239
1246
1247
1249
1250
1254
1256
1257
1270
1278
1279
1280
1286
1289
1291
1292
1295
1297
1299
1300
1308
1309
1310
1312
1320
1330
1334
1336
1339
1344
1349
1353
1357
1359
1362
1375
1384
1385
1386
1400
1405
1407
1412
1422
1424
1429
1430
1434
1458
1459
1471
1472
1481
1490
1491
1506
1533
1539
1557
1561
1567
1572
1573
1576
1578
1581
1582
