0
9
16
42
70
73
79
80
92
100
120
121
123
129
130
132
133
144
146
149
156
158
168
181
184
187
193
195
201
205
207
209
220
221
222
226
239
243
253
255
260
268
271
274
277
284
285
293
295
303
308
313
318
325
331
345
351
355
367
374
375
376
379
392
394
405
406
412
416
426
434
435
443
454
456
462
465
467
469
475
480
491
497
500
513
523
550
552
562
575
576
584
588
599
607
618
622
628
632
636
638
646
650
661
662
665
666
672
680
683
695
696
699
700
704
706
714
717
720
726
741
746
747
756
757
759
760
764
766
767
769
771
773
782
787
790
801
809
812
816
822
827
831
837
848
851
852
863
872
876
882
885
887
893
894
913
915
918
927
930
940
955
956
960
963
964
965
981
984
995
1002
1007
1015
1027
1029
1030
1036
1037
1040
1046
1047
1053
1055
1056
1060
1077
1081
1085
1094
1097
1098
1099
1100
1116
1119
1127
1131
1149
1155
1164
1166
1169
1172
1182
1186
1201
1203
1208
1210
1212
1218
1228
1235
1241
1261
1262
1263
1269
1284
1288
1290
1294
1298
1302
1311
1317
1321
1324
1327
1331
1333
1335
1337
1340
1346
1347
1348
1360
1364
1374
1376
1379
1380
1387
1390
1392
1401
1415
1416
1427
1436
1450
1453
1460
1465
1470
1477
1479
1488
1489
1492
1495
1496
1502
1509
1511
1514
1519
1520
1525
1526
1532
1535
1538
1540
1541
1543
1546
1548
1552
1555
1566
