5
7
11
17
22
30
38
39
48
55
58
69
71
72
75
83
86
93
96
101
103
111
118
131
134
143
148
152
154
155
161
166
179
182
185
188
196
208
212
213
224
225
229
231
236
241
248
250
259
263
266
281
305
307
309
312
316
319
322
330
342
344
346
350
352
372
377
381
397
403
407
408
410
414
424
427
433
440
441
444
452
458
460
470
473
477
482
504
506
509
515
518
522
526
530
533
541
546
555
560
566
567
570
571
579
585
601
605
610
623
634
644
645
649
657
658
660
663
677
678
681
688
692
693
703
705
718
725
745
751
765
776
784
788
791
803
805
806
814
815
818
820
821
830
841
849
850
858
864
867
870
871
875
878
880
881
888
889
892
895
898
904
907
911
912
919
926
931
938
939
943
945
952
959
966
970
972
977
978
983
993
996
1000
1003
1005
1013
1021
1031
1038
1050
1054
1061
1068
1072
1080
1083
1108
1111
1117
1121
1123
1135
1146
1147
1151
1153
1157
1168
1187
1194
1195
1204
1213
1215
1220
1221
1223
1232
1237
1243
1245
1252
1258
1268
1273
1274
1282
1285
1293
1303
1305
1307
1323
1326
1328
1329
1332
1345
1350
1351
1354
1356
1363
1367
1369
1373
1381
1388
1391
1393
1397
1414
1418
1420
1421
1426
1431
1432
1433
1438
1440
1444
1446
1451
1463
1469
1473
1478
1480
1483
1486
1504
1508
1524
1527
1547
1558
1562
1570
1575
