1
13
19
24
34
41
50
51
61
67
87
88
94
98
105
114
115
116
117
125
128
135
145
157
169
170
190
194
197
200
210
211
214
218
219
228
232
234
237
247
257
262
269
272
280
282
286
287
289
297
300
311
314
329
334
338
348
353
356
357
358
359
364
366
369
378
380
389
396
400
401
420
421
425
430
432
438
446
450
474
483
484
487
488
493
495
496
519
527
528
532
535
536
538
540
551
554
558
564
574
578
587
592
603
615
620
637
639
640
642
651
653
659
668
687
697
701
702
707
713
719
722
728
735
739
740
742
744
748
749
758
774
777
779
783
786
792
796
802
807
810
811
813
819
859
865
874
877
879
886
897
909
917
924
925
928
929
932
947
948
951
953
961
975
990
994
1009
1014
1022
1032
1034
1057
1059
1064
1071
1078
1086
1088
1092
1101
1103
1109
1110
1120
1130
1141
1152
1160
1176
1183
1184
1185
1188
1190
1191
1198
1205
1206
1207
1211
1219
1225
1226
1238
1240
1255
1259
1266
1267
1275
1277
1287
1296
1304
1306
1313
1316
1318
1319
1342
1358
1361
1366
1370
1378
1382
1383
1395
1399
1403
1406
1411
1419
1423
1428
1435
1437
1439
1448
1452
1462
1476
1482
1494
1503
1510
1515
1517
1521
1522
1528
1529
1536
1537
1542
1544
1565
1568
1569
1571
1579
