3
10
28
33
35
43
45
46
52
54
56
60
62
64
68
74
82
84
85
89
95
104
124
126
127
137
141
150
163
164
171
178
189
192
198
199
203
204
206
227
230
235
242
244
245
251
254
258
265
267
296
298
299
301
304
317
320
323
326
328
332
333
336
343
347
363
368
373
383
384
385
391
395
399
404
409
411
415
419
445
448
455
459
461
468
476
485
492
501
502
503
507
517
529
531
534
553
556
557
565
577
581
595
597
602
613
614
617
627
643
647
652
655
667
669
673
674
679
682
685
686
710
711
712
723
724
727
730
731
733
734
737
743
762
772
775
789
797
808
824
825
832
833
836
839
844
846
855
866
891
899
900
902
906
921
933
937
942
949
957
971
979
980
982
991
998
999
1004
1006
1017
1018
1023
1024
1025
1026
1039
1042
1043
1045
1049
1051
1075
1087
1091
1096
1102
1104
1115
1126
1132
1134
1136
1139
1140
1148
1159
1165
1167
1178
1192
1196
1199
1217
1229
1231
1233
1248
1272
1276
1283
1301
1314
1315
1325
1338
1341
1355
1365
1372
1389
1394
1396
1408
1417
1425
1441
1442
1449
1454
1457
1464
1466
1474
1475
1484
1485
1487
1493
1497
1505
1512
1516
1518
1530
1531
1545
1550
1551
1559
1560
1574
1580
