2
12
16
17
28
31
34
43
46
47
48
56
62
65
73
76
85
86
89
90
92
103
105
107
110
114
118
123
131
134
135
139
141
155
162
166
169
176
180
183
190
194
208
216
223
229
231
235
242
243
249
253
255
260
265
276
280
291
296
310
318
322
323
349
357
367
371
377
382
384
386
387
396
398
400
418
427
429
430
437
441
446
448
451
452
466
467
479
485
490
491
496
497
501
508
514
536
538
542
545
546
547
554
559
565
566
582
585
592
597
599
600
601
617
624
632
633
639
650
657
665
669
673
675
681
687
692
702
711
715
739
745
746
753
755
756
758
784
801
806
825
831
836
843
846
849
850
851
852
853
866
873
875
887
895
901
902
910
914
921
923
938
954
970
976
980
981
987
988
990
1001
1002
1008
1012
1031
1036
1038
1044
1053
1060
1062
1063
1064
1065
1070
1090
1106
1108
1110
1114
1137
1142
1143
1149
1152
1158
1166
1169
1170
1179
1190
1192
1193
1212
1215
1217
1223
1235
1241
1245
1252
1254
1259
1260
1261
1262
1270
1295
1296
1306
1316
1319
1321
1333
1334
1335
1345
1348
1361
1362
1366
1370
1371
1373
1385
1393
1394
1398
1403
1404
1408
1410
1432
1436
1441
1447
1451
1454
1467
1483
1484
1491
1492
1505
1514
1523
1532
1533
1547
1556
1558
1563
1564
1565
1572
1575
1578
1582
1589
