4
6
59
61
64
80
88
94
97
100
122
129
136
138
147
154
160
161
163
164
174
179
188
191
192
197
201
203
210
211
214
219
220
222
224
241
245
246
263
267
268
277
282
286
293
301
313
315
320
326
337
343
351
365
366
370
381
393
404
406
408
412
417
423
433
435
443
444
460
468
471
474
480
483
489
499
500
502
521
529
534
535
537
553
557
558
567
570
572
574
579
595
596
606
608
611
620
623
628
629
631
638
641
646
648
649
654
655
674
678
682
684
686
689
705
717
729
743
744
762
766
767
770
773
777
780
795
810
815
817
821
848
856
858
871
872
898
903
909
911
912
919
920
925
931
941
943
947
948
949
951
960
966
967
971
973
974
977
985
991
995
1011
1013
1014
1025
1030
1035
1040
1042
1045
1047
1049
1056
1061
1079
1081
1091
1096
1097
1099
1107
1135
1148
1157
1167
1183
1187
1208
1227
1234
1236
1237
1239
1242
1251
1256
1265
1267
1268
1275
1281
1292
1294
1297
1298
1314
1315
1318
1322
1325
1326
1328
1332
1336
1337
1338
1341
1351
1358
1369
1380
1387
1395
1396
1420
1427
1430
1433
1438
1443
1444
1445
1449
1453
1456
1457
1458
1460
1463
1464
1470
1472
1477
1480
1487
1488
1489
1493
1495
1515
1516
1521
1525
1526
1534
1537
1538
1542
1544
1549
1550
1557
1559
1566
1570
1579
1588
