1
7
14
15
19
20
21
29
30
33
37
41
44
55
57
67
95
96
101
106
113
120
124
126
127
133
142
144
151
152
153
159
165
170
173
178
181
187
193
207
236
244
261
264
271
279
295
297
298
304
319
328
331
344
352
354
358
359
361
380
385
389
392
403
405
413
415
419
420
432
434
436
438
442
457
461
473
477
481
482
484
486
487
505
511
513
522
528
532
544
551
560
562
563
575
584
587
602
612
613
616
630
643
663
666
667
679
690
691
703
706
708
718
719
737
749
757
764
768
769
775
786
791
793
811
826
827
837
838
840
842
855
865
876
879
896
908
927
929
933
937
940
955
962
972
993
997
1003
1007
1010
1018
1020
1026
1050
1052
1055
1057
1058
1084
1089
1094
1095
1101
1103
1104
1111
1117
1120
1124
1129
1132
1133
1136
1141
1145
1146
1162
1164
1178
1180
1185
1186
1203
1218
1224
1229
1243
1246
1249
1258
1269
1271
1279
1289
1293
1299
1303
1310
1311
1340
1342
1343
1346
1347
1349
1354
1363
1367
1372
1374
1375
1377
1382
1388
1392
1401
1402
1405
1409
1416
1419
1422
1424
1429
1440
1450
1465
1466
1471
1474
1479
1481
1496
1501
1508
1510
1512
1522
1529
1543
1546
1553
1562
1577
1583
1587
1590
