0
36
39
49
50
60
72
77
78
98
99
102
104
111
115
121
128
132
149
150
156
157
167
171
172
177
184
195
198
215
218
226
227
228
230
247
257
258
259
269
281
288
292
294
302
306
316
324
329
332
339
342
347
356
363
373
394
397
401
402
407
410
416
424
428
431
439
440
447
449
459
465
475
476
492
494
495
503
510
517
525
530
531
550
552
564
569
576
577
578
586
589
607
618
625
627
634
640
642
644
645
647
651
661
662
668
676
680
683
685
695
696
700
701
712
716
720
722
723
726
731
732
733
734
735
736
740
752
759
760
761
776
779
783
785
794
798
803
804
813
819
824
828
832
834
847
859
860
863
864
880
882
889
890
893
905
906
939
942
946
958
959
961
964
965
968
986
992
996
999
1006
1009
1024
1028
1051
1066
1068
1069
1071
1072
1074
1077
1082
1085
1087
1102
1109
1112
1113
1115
1121
1122
1123
1130
1144
1150
1153
1160
1172
1173
1177
1182
1188
1189
1195
1196
1197
1204
1211
1214
1225
1226
1228
1231
1232
1233
1238
1250
1253
1257
1282
1284
1290
1291
1300
1301
1308
1312
1317
1320
1323
1324
1327
1329
1339
1353
1364
1365
1376
1381
1390
1397
1413
1418
1428
1431
1435
1437
1439
1446
1455
1459
1468
1478
1482
1500
1502
1509
1520
1528
1535
1536
1551
1555
1569
1573
1581
1584
