3
10
11
13
18
38
40
42
58
63
68
75
79
82
84
87
91
93
109
112
116
117
125
130
158
175
185
186
189
200
202
204
217
221
233
237
248
250
254
266
270
273
284
303
308
311
312
314
317
325
327
330
335
360
369
374
375
383
390
409
426
456
458
464
469
470
472
504
507
518
520
523
526
527
533
539
541
548
549
555
561
580
583
594
598
603
605
610
614
615
621
636
637
653
658
659
664
671
694
697
704
707
713
721
724
725
727
728
738
742
747
778
781
787
790
792
800
802
805
807
808
812
820
822
823
844
862
870
877
883
884
886
892
894
897
916
930
932
935
936
944
950
975
978
979
983
989
994
998
1000
1015
1017
1019
1022
1027
1029
1032
1033
1037
1039
1041
1043
1048
1054
1080
1083
1092
1098
1105
1116
1118
1125
1126
1139
1147
1154
1155
1165
1168
1176
1181
1191
1198
1200
1201
1202
1206
1209
1219
1220
1221
1222
1230
1244
1248
1255
1264
1266
1272
1277
1283
1286
1302
1309
1313
1344
1355
1359
1378
1383
1386
1389
1406
1412
1414
1415
1421
1423
1425
1442
1469
1473
1475
1476
1485
1486
1490
1494
1497
1498
1504
1507
1517
1519
1530
1539
1541
1554
1561
1568
1574
1586
1591
