5
8
9
22
23
24
25
26
27
32
35
45
51
52
53
54
66
69
70
71
74
81
83
108
119
137
140
143
145
146
148
168
182
196
199
205
206
209
212
213
225
232
234
238
239
240
251
252
256
262
272
274
275
278
283
285
287
289
290
299
300
305
307
309
321
333
334
336
338
340
341
345
346
348
350
353
355
362
364
368
372
376
378
379
388
391
395
399
411
414
421
422
425
445
450
453
454
455
462
463
478
488
493
498
506
509
512
515
516
519
524
540
543
556
568
571
573
581
588
590
591
593
604
609
619
622
626
635
652
656
660
670
672
677
688
693
698
699
709
710
714
730
741
748
750
751
754
763
765
771
772
774
782
788
789
796
797
799
809
814
816
818
829
830
833
835
839
841
845
854
857
861
867
868
869
874
878
881
885
888
891
899
900
904
907
913
915
917
918
922
924
926
928
934
945
952
953
956
957
963
969
982
984
1004
1005
1016
1021
1023
1034
1046
1059
1067
1073
1075
1076
1078
1086
1088
1093
1100
1119
1127
1128
1131
1134
1138
1140
1151
1156
1159
1161
1163
1171
1174
1175
1184
1194
1199
1205
1207
1210
1213
1216
1240
1247
1263
1273
1274
1276
1278
1280
1285
1287
1288
1304
1305
1307
1330
1331
1350
1352
1356
1357
1360
1368
1379
1384
1391
1399
1400
1407
1411
1417
1426
1434
1448
1452
1461
1462
1499
1503
1506
1511
1513
1518
1524
1527
1531
1540
1545
1548
1552
1560
1567
1571
1576
1580
1585
