1
8
11
15
20
21
30
39
55
59
70
72
75
87
89
90
98
100
102
117
130
132
146
158
162
184
194
198
204
207
212
221
222
231
233
237
248
250
254
265
268
279
284
286
288
291
295
297
303
321
323
330
333
337
342
346
366
379
391
403
405
407
417
424
452
455
456
460
463
469
480
483
489
502
515
520
529
546
551
557
567
571
574
579
580
586
591
600
608
609
610
620
626
630
632
634
637
678
685
694
695
703
704
706
708
712
719
724
728
739
744
760
761
769
773
797
809
812
820
835
838
851
864
870
872
874
889
891
902
917
923
925
934
945
952
955
964
967
973
974
980
987
988
989
990
993
994
997
998
1010
1011
1040
1045
1053
1059
1073
1078
1079
1099
1100
1104
1111
1123
1129
1135
1138
1139
1141
1149
1156
1165
1179
1181
1193
1199
1203
1209
1211
1213
1220
1221
1222
1226
1233
1246
1253
1256
1258
1266
1269
1290
1299
1303
1331
1343
1348
1351
1352
1353
1354
1356
1361
1376
1391
1393
1407
1416
1418
1423
1430
1433
1439
1448
1454
1457
1458
1463
1468
1470
1481
1486
1487
1488
1498
1506
1512
1513
1515
1537
1545
1563
1570
1573
1576
1579
