3
10
31
41
44
45
65
73
74
78
80
81
83
92
93
97
101
105
115
123
135
138
139
142
147
149
150
154
155
157
163
168
181
186
190
192
199
200
201
202
203
218
232
235
243
249
255
256
257
262
266
274
276
277
287
298
301
302
305
307
345
349
351
369
371
377
378
382
384
388
393
401
414
416
421
435
440
461
484
487
499
508
510
516
519
521
526
528
541
549
562
576
578
581
585
599
601
605
618
621
633
635
640
647
648
655
663
664
671
672
674
679
681
686
688
696
699
705
707
710
722
734
741
746
756
766
770
771
780
784
790
792
796
798
804
808
815
830
832
837
839
852
859
861
863
868
876
886
888
890
901
910
911
921
924
929
939
940
946
960
969
985
986
1001
1002
1003
1005
1022
1038
1047
1055
1061
1065
1066
1077
1080
1082
1085
1089
1092
1094
1095
1098
1115
1116
1119
1121
1122
1128
1133
1134
1150
1159
1161
1163
1164
1176
1188
1195
1198
1204
1205
1206
1218
1224
1229
1235
1236
1239
1241
1254
1271
1275
1279
1292
1296
1302
1306
1316
1324
1329
1334
1360
1365
1366
1373
1387
1388
1412
1417
1422
1424
1429
1437
1453
1455
1469
1472
1473
1480
1492
1496
1497
1500
1503
1505
1508
1521
1524
1526
1535
1546
1554
1557
1561
1568
1587
1588
