0
6
14
18
23
26
32
43
47
48
50
51
54
86
94
95
106
110
118
120
125
126
127
128
129
136
140
144
153
161
169
172
179
187
193
196
213
214
217
226
236
238
241
252
259
261
264
267
280
294
300
314
317
320
322
332
338
340
348
356
358
365
381
387
390
394
404
419
420
422
439
441
451
462
465
470
471
476
477
479
485
490
494
503
511
514
517
530
532
534
539
540
542
545
547
552
555
556
561
563
566
573
577
587
590
602
613
615
617
623
624
625
636
641
650
652
657
666
676
713
717
720
727
729
731
737
743
747
748
753
754
764
767
775
779
800
805
806
807
818
819
822
823
831
840
841
846
848
866
879
892
898
900
903
904
907
909
915
918
926
932
935
954
965
968
975
979
981
999
1012
1013
1015
1019
1030
1031
1033
1035
1048
1051
1054
1063
1075
1076
1086
1091
1093
1102
1105
1106
1107
1112
1113
1125
1127
1130
1132
1136
1145
1148
1169
1175
1177
1180
1184
1186
1190
1200
1207
1214
1216
1228
1238
1242
1243
1265
1267
1270
1272
1281
1283
1288
1293
1298
1300
1301
1304
1307
1308
1310
1311
1314
1320
1323
1333
1335
1336
1339
1340
1350
1355
1357
1363
1370
1371
1389
1401
1406
1414
1415
1446
1447
1459
1460
1461
1471
1484
1501
1523
1533
1540
1548
1555
1562
1569
1585
1589
