5
13
27
28
37
38
60
62
69
76
77
84
108
109
119
134
137
143
152
156
160
165
167
174
178
182
189
191
197
206
211
216
219
223
224
228
239
251
258
260
263
269
270
278
283
290
299
309
316
318
325
326
328
336
343
344
350
352
353
354
355
357
360
362
363
367
374
380
383
385
395
396
402
409
411
427
429
434
436
437
438
444
447
453
454
458
459
466
481
496
506
518
522
535
536
537
543
550
568
575
589
592
594
597
604
607
616
619
629
638
639
644
649
654
659
667
669
677
680
683
684
687
691
697
698
702
715
721
725
735
740
750
752
762
768
772
776
777
785
793
799
811
816
825
836
849
850
856
858
860
878
885
887
894
896
899
905
908
914
920
928
931
943
944
950
951
962
966
976
977
983
996
1007
1014
1016
1018
1025
1027
1029
1032
1036
1037
1039
1042
1046
1069
1084
1101
1103
1108
1110
1120
1124
1131
1137
1142
1143
1144
1146
1151
1154
1155
1162
1168
1171
1173
1174
1178
1183
1185
1189
1194
1196
1208
1210
1217
1225
1227
1245
1248
1249
1259
1260
1262
1263
1264
1277
1286
1287
1289
1291
1305
1309
1318
1332
1341
1345
1346
1362
1369
1374
1382
1384
1385
1395
1405
1408
1409
1413
1427
1432
1434
1441
1450
1456
1465
1466
1478
1483
1485
1489
1493
1495
1502
1511
1514
1516
1528
1529
1532
1541
1544
1547
1549
1550
1553
1559
1565
1574
1575
1583
1584
