4
16
17
22
33
40
46
52
53
57
58
61
66
67
68
79
82
104
111
113
121
122
131
141
145
148
151
164
177
180
183
188
195
205
208
210
215
227
230
234
240
244
245
246
253
272
275
282
285
289
292
296
304
306
308
310
312
315
329
334
339
361
364
370
372
375
376
389
406
408
412
418
425
426
428
432
443
445
464
467
474
478
491
495
497
507
509
513
523
524
525
527
533
538
548
553
554
558
560
564
565
572
582
584
593
595
596
611
622
627
628
651
653
656
661
662
665
668
675
690
692
709
716
718
726
732
738
757
758
765
782
783
786
787
791
794
795
801
813
817
828
833
842
843
844
853
854
855
857
862
865
867
873
877
880
881
893
906
912
913
927
930
936
938
942
947
949
956
957
958
961
963
971
978
992
1006
1008
1020
1021
1024
1026
1028
1041
1043
1044
1050
1056
1058
1062
1064
1067
1068
1071
1074
1083
1090
1097
1140
1153
1158
1160
1167
1182
1187
1192
1197
1202
1212
1215
1230
1231
1232
1234
1237
1250
1252
1257
1273
1274
1276
1278
1280
1282
1285
1294
1297
1313
1315
1317
1319
1321
1322
1326
1344
1358
1359
1368
1372
1377
1378
1379
1380
1381
1383
1399
1402
1411
1419
1426
1436
1438
1442
1443
1444
1451
1452
1462
1464
1474
1499
1504
1510
1517
1518
1534
1536
1538
1539
1552
1556
1558
1560
1566
1567
1577
1582
1586
