2
7
9
12
19
24
25
29
34
35
36
42
49
56
63
64
71
85
88
91
96
99
103
107
112
114
116
124
133
159
166
170
171
173
175
176
185
209
220
225
229
242
247
271
273
281
293
311
313
319
324
327
331
335
341
347
359
368
373
386
392
397
398
399
400
410
413
415
423
430
431
433
442
446
448
449
450
457
468
472
473
475
482
486
488
492
493
498
500
501
504
505
512
531
544
559
569
570
583
588
598
603
606
612
614
631
642
643
645
646
658
660
670
673
682
689
693
700
701
711
714
723
730
733
736
742
745
749
751
755
759
763
774
778
781
788
789
802
803
810
814
821
824
826
827
829
834
845
847
869
871
875
882
883
884
895
897
916
919
922
933
937
941
948
953
959
970
972
982
984
991
995
1000
1004
1009
1017
1023
1034
1049
1052
1057
1060
1070
1072
1081
1087
1088
1096
1109
1114
1117
1118
1126
1147
1152
1157
1166
1170
1172
1191
1201
1219
1223
1240
1244
1247
1251
1255
1261
1268
1284
1295
1312
1325
1327
1328
1330
1337
1338
1342
1347
1349
1364
1367
1375
1386
1390
1392
1394
1396
1397
1398
1400
1403
1404
1410
1420
1421
1425
1428
1431
1435
1440
1445
1449
1467
1475
1476
1477
1479
1482
1490
1491
1494
1507
1509
1519
1520
1522
1525
1527
1530
1531
1542
1543
1551
1564
1571
1572
1578
1580
1581
