4
22
23
25
30
33
36
42
55
59
69
78
83
84
89
91
97
113
132
143
155
157
163
165
167
168
171
172
183
192
193
204
206
207
221
222
223
227
239
240
241
255
258
262
271
272
277
281
285
290
303
306
315
318
320
325
326
327
332
339
341
343
358
361
370
371
383
384
389
393
394
412
413
421
426
427
430
436
443
448
481
482
491
492
500
501
506
510
512
517
519
523
525
534
539
545
579
585
592
594
596
600
603
604
609
611
614
622
624
630
644
645
646
649
659
674
676
688
692
701
715
723
725
728
738
743
745
752
765
766
771
791
803
805
806
808
824
825
826
829
834
839
842
847
850
856
858
871
875
876
879
885
894
895
902
914
916
918
919
937
938
939
942
948
956
965
967
977
979
980
984
988
991
994
997
1000
1015
1021
1023
1026
1031
1032
1045
1050
1053
1061
1062
1063
1064
1075
1081
1093
1100
1101
1104
1110
1113
1115
1119
1124
1126
1129
1133
1134
1139
1151
1163
1166
1184
1185
1194
1214
1218
1219
1224
1226
1233
1241
1246
1250
1258
1259
1269
1271
1277
1286
1291
1292
1294
1317
1318
1325
1342
1349
1355
1361
1364
1378
1386
1388
1390
1399
1401
1404
1406
1407
1420
1421
1439
1441
1446
1450
1452
1453
1466
1472
1473
1477
1487
1501
1515
1517
1525
1531
1533
1536
1547
1556
1568
1580
1583
1588
1591
