3
7
10
19
20
29
32
39
45
48
53
58
64
65
66
72
77
79
87
95
98
108
115
126
128
131
134
137
156
159
174
181
184
186
187
199
200
212
215
216
225
226
234
237
249
250
251
254
259
261
265
267
274
283
286
289
295
298
316
324
338
349
350
359
378
395
398
399
408
409
414
419
422
425
429
437
441
447
452
460
473
479
480
493
495
497
498
499
502
503
513
520
527
529
540
541
544
548
550
555
560
564
574
577
578
584
586
597
602
607
612
623
625
631
642
651
661
667
672
679
683
686
693
695
703
708
722
729
740
747
753
759
761
764
774
776
789
794
796
799
819
823
827
828
833
840
841
848
852
859
872
880
881
884
887
890
899
903
907
920
933
945
946
947
952
953
955
958
964
975
985
987
995
996
1003
1008
1010
1011
1014
1017
1018
1020
1022
1028
1036
1043
1044
1046
1049
1057
1069
1070
1074
1078
1080
1090
1097
1102
1107
1116
1117
1128
1131
1147
1153
1164
1174
1189
1195
1203
1209
1213
1230
1237
1240
1244
1249
1256
1257
1265
1267
1275
1284
1287
1301
1303
1312
1314
1324
1329
1332
1345
1365
1367
1369
1376
1380
1382
1394
1426
1432
1434
1438
1447
1456
1459
1461
1475
1488
1490
1493
1494
1498
1499
1514
1524
1526
1532
1538
1540
1551
1558
1559
1560
1562
1571
1574
1582
1586
