2
18
26
34
40
47
57
63
74
75
85
92
96
107
110
112
119
120
123
127
135
139
140
142
146
169
177
180
211
219
224
229
233
236
256
257
260
266
268
275
291
293
294
299
301
304
305
307
309
311
317
333
346
357
360
363
365
367
369
373
374
381
382
385
391
392
396
397
401
403
410
411
417
423
434
439
450
454
455
456
461
462
463
467
469
474
494
496
508
516
524
528
537
538
546
556
559
570
576
580
582
588
590
598
599
605
608
610
618
619
620
621
635
636
638
647
653
658
660
664
678
684
685
687
691
705
707
718
724
727
735
736
748
754
760
762
772
777
778
779
780
784
790
809
815
816
818
821
849
851
861
864
866
893
897
898
904
910
917
922
923
925
929
954
957
961
962
969
970
973
981
986
990
1002
1005
1006
1013
1024
1037
1038
1040
1041
1047
1048
1054
1055
1067
1076
1088
1089
1095
1103
1105
1106
1108
1114
1123
1142
1143
1145
1150
1155
1156
1158
1162
1167
1170
1171
1176
1179
1180
1183
1199
1206
1212
1216
1220
1223
1229
1236
1239
1255
1262
1263
1266
1272
1273
1282
1285
1296
1297
1300
1308
1313
1315
1316
1319
1327
1330
1346
1348
1363
1366
1368
1371
1372
1373
1374
1387
1396
1397
1411
1414
1415
1419
1424
1425
1430
1436
1444
1458
1460
1465
1482
1489
1497
1500
1506
1509
1521
1527
1528
1530
1557
1565
1573
1584
1587
1589
1590
