0
15
16
28
41
49
50
56
61
71
80
81
94
103
109
121
122
124
125
130
141
147
148
151
152
153
158
160
161
164
170
182
188
189
190
191
194
198
220
244
321
330
331
336
337
347
348
353
356
364
368
402
406
407
415
424
428
432
433
438
449
453
457
459
466
468
471
472
477
484
489
490
505
509
514
515
531
535
566
569
572
583
613
616
632
656
666
690
694
697
698
699
706
709
710
711
713
714
730
731
741
742
744
749
755
763
767
768
783
785
786
817
835
837
843
844
846
854
855
863
868
870
878
906
908
909
915
921
926
927
928
934
936
943
944
949
960
966
972
983
989
992
993
1001
1004
1007
1009
1012
1016
1027
1035
1039
1042
1058
1066
1073
1082
1083
1096
1098
1120
1121
1122
1127
1132
1138
1141
1144
1146
1157
1161
1165
1168
1169
1173
1175
1181
1186
1190
1191
1192
1196
1197
1208
1221
1232
1242
1247
1248
1251
1252
1270
1279
1280
1290
1293
1295
1299
1306
1309
1310
1323
1326
1328
1334
1343
1344
1347
1351
1354
1356
1357
1383
1389
1392
1395
1398
1402
1408
1410
1412
1428
1429
1448
1462
1464
1476
1481
1483
1485
1492
1496
1507
1511
1513
1534
1535
1541
1543
1548
1549
1550
1553
1567
1569
1578
1581
