5
6
8
13
14
21
24
27
31
37
38
43
44
46
54
67
70
73
82
86
90
99
105
114
118
129
133
145
150
154
178
179
197
203
205
210
214
218
230
231
238
242
243
245
247
248
252
253
263
269
273
276
280
282
284
288
300
308
310
313
314
322
334
335
340
342
345
362
366
372
375
376
386
390
416
418
431
435
442
444
445
446
458
464
470
478
485
487
488
504
511
521
522
532
536
542
543
549
553
554
558
562
567
591
595
606
615
629
633
634
641
643
648
652
665
668
670
671
677
681
700
702
704
712
716
719
720
746
756
757
769
770
781
782
787
792
795
797
800
802
804
810
811
813
820
830
831
832
853
857
862
865
873
877
882
883
886
888
889
892
896
901
905
911
924
930
931
932
940
941
950
959
971
974
978
982
999
1025
1034
1056
1060
1071
1077
1084
1085
1086
1091
1092
1094
1109
1111
1125
1140
1148
1159
1178
1187
1188
1193
1202
1204
1205
1215
1217
1228
1243
1254
1260
1264
1276
1288
1304
1311
1321
1336
1337
1340
1341
1350
1352
1353
1362
1375
1377
1379
1381
1391
1400
1403
1405
1423
1431
1440
1442
1445
1454
1455
1463
1467
1468
1469
1470
1474
1478
1479
1486
1491
1495
1502
1503
1505
1508
1512
1516
1529
1539
1546
1563
1564
1570
1575
1577
