1
9
11
12
17
35
51
52
60
62
68
76
88
93
100
101
102
104
106
111
116
117
136
138
144
149
162
166
173
175
176
185
195
196
201
202
208
209
213
217
228
232
235
246
264
270
278
279
287
292
296
297
302
312
319
323
328
329
344
351
352
354
355
377
379
380
387
388
400
404
405
420
440
451
465
475
476
483
486
507
518
526
530
533
547
551
552
557
561
563
565
568
571
573
575
581
587
589
593
601
617
626
627
628
637
639
640
650
654
655
657
662
663
669
673
675
680
682
689
696
717
721
726
732
733
734
737
739
750
751
758
773
775
788
793
798
801
807
812
814
822
836
838
845
860
867
869
874
891
900
912
913
935
951
963
968
976
998
1019
1029
1030
1033
1051
1052
1059
1065
1068
1072
1079
1087
1099
1112
1118
1130
1135
1136
1137
1149
1152
1154
1160
1172
1177
1182
1198
1200
1201
1207
1210
1211
1222
1225
1227
1231
1234
1235
1238
1245
1253
1261
1268
1274
1278
1281
1283
1289
1298
1302
1305
1307
1320
1322
1331
1333
1335
1338
1339
1358
1359
1360
1370
1384
1385
1393
1409
1413
1416
1417
1418
1422
1427
1433
1435
1437
1443
1449
1451
1457
1471
1480
1484
1504
1510
1518
1519
1520
1522
1523
1537
1542
1544
1545
1552
1554
1555
1561
1566
1572
1576
1579
1585
