4
9
23
25
31
33
35
48
50
55
61
79
83
85
86
87
93
96
102
103
105
107
109
110
123
131
132
141
153
160
167
169
170
172
176
182
185
199
202
207
209
214
230
244
248
249
255
258
281
300
313
314
316
336
339
343
347
351
357
361
367
371
375
391
400
401
407
425
428
442
452
458
466
467
477
478
480
483
486
491
498
502
505
508
509
513
517
527
528
532
533
537
542
548
557
569
574
588
589
595
602
617
618
627
629
637
640
649
661
663
666
669
676
677
694
695
696
702
721
724
727
747
769
780
781
785
799
803
804
813
816
825
827
828
830
832
837
839
843
846
850
852
865
868
897
899
908
912
915
919
928
946
950
966
967
970
974
986
988
989
991
994
1001
1006
1016
1035
1038
1046
1055
1058
1061
1074
1078
1091
1109
1126
1137
1150
1154
1157
1165
1169
1173
1178
1186
1190
1192
1203
1207
1214
1228
1231
1232
1236
1238
1246
1250
1268
1271
1283
1293
1294
1296
1300
1304
1307
1308
1310
1320
1331
1337
1338
1354
1361
1376
1383
1384
1386
1390
1391
1393
1395
1406
1415
1416
1422
1425
1426
1430
1441
1451
1473
1476
1477
1481
1484
1491
1492
1495
1497
1498
1504
1513
1521
1523
1527
1534
1535
1541
1549
1551
1557
1563
1564
1579
