1
6
11
12
14
17
20
27
28
42
44
54
64
66
72
74
76
84
89
92
95
99
121
124
127
128
136
138
157
162
177
181
184
195
198
203
212
215
218
232
233
235
236
247
250
257
262
264
277
284
293
295
303
306
315
321
323
324
329
331
338
340
344
353
358
365
376
381
398
403
413
419
421
423
427
456
457
459
461
463
479
481
490
503
507
510
520
524
535
540
543
551
553
568
576
577
579
583
584
585
586
596
601
606
607
612
616
620
621
624
639
650
651
652
654
665
670
674
675
679
686
687
698
701
719
726
728
729
733
735
743
745
746
748
753
758
759
768
773
779
782
784
786
788
794
806
817
818
826
845
847
849
856
874
880
894
906
907
913
932
935
937
942
947
952
956
964
972
978
985
993
996
997
1003
1015
1018
1020
1024
1028
1029
1030
1034
1037
1042
1048
1056
1057
1060
1063
1071
1079
1083
1084
1089
1100
1102
1107
1112
1121
1123
1128
1129
1135
1136
1147
1156
1160
1166
1179
1185
1200
1211
1220
1224
1226
1243
1255
1262
1267
1272
1275
1276
1280
1284
1287
1289
1301
1316
1321
1323
1324
1332
1335
1341
1342
1347
1356
1358
1369
1380
1381
1382
1385
1388
1408
1413
1414
1418
1420
1423
1431
1446
1447
1458
1462
1467
1468
1479
1480
1485
1490
1500
1502
1515
1519
1525
1536
1543
1545
1552
1556
1560
1572
1573
1576
1578
