2
21
30
32
39
41
46
47
60
65
75
81
88
90
94
98
122
126
129
130
133
142
146
148
164
168
180
190
197
200
204
205
213
225
234
242
246
251
266
268
270
271
276
278
297
299
302
317
319
334
342
346
349
350
360
369
380
383
389
390
393
394
396
404
424
430
432
435
436
437
446
447
449
450
453
454
465
489
494
495
504
506
519
521
523
530
536
544
545
549
556
564
565
566
572
580
581
594
604
605
613
615
623
630
634
636
643
646
655
671
672
678
681
685
692
697
705
707
712
713
715
716
717
718
730
732
738
740
751
756
765
789
792
807
810
811
819
823
824
834
841
851
854
855
862
863
866
873
876
879
881
882
886
887
898
901
902
914
921
923
926
929
934
940
941
943
944
949
957
958
965
968
973
983
984
990
998
1000
1004
1027
1031
1033
1036
1043
1049
1062
1066
1068
1081
1082
1093
1095
1097
1106
1110
1113
1116
1117
1118
1122
1124
1125
1149
1162
1164
1167
1170
1171
1177
1182
1184
1187
1191
1194
1205
1206
1209
1210
1212
1213
1222
1225
1242
1253
1254
1260
1263
1270
1282
1285
1288
1297
1305
1329
1330
1336
1340
1362
1370
1371
1372
1389
1409
1433
1454
1455
1460
1463
1478
1482
1486
1506
1511
1512
1516
1539
1542
1581
1583
