3
10
16
19
22
36
37
62
70
71
80
82
101
104
106
111
114
117
120
151
154
161
173
179
189
192
196
211
217
229
238
240
260
261
263
272
273
280
290
291
294
296
298
301
304
318
320
322
327
332
337
341
345
352
355
356
368
372
373
374
377
378
382
386
388
399
406
409
410
426
429
439
444
451
455
464
468
472
482
487
492
493
497
499
501
529
541
546
550
552
563
587
590
608
619
622
625
626
633
635
645
648
658
667
673
680
703
706
720
723
725
731
736
739
763
770
772
774
778
791
808
821
836
848
857
867
878
888
895
904
910
916
922
933
936
938
948
955
969
971
976
980
992
1010
1013
1017
1019
1021
1032
1040
1044
1050
1052
1054
1064
1076
1077
1085
1088
1099
1101
1105
1108
1114
1119
1131
1133
1140
1142
1146
1148
1174
1175
1180
1181
1183
1198
1199
1202
1219
1227
1230
1237
1244
1245
1248
1252
1256
1259
1266
1269
1274
1277
1281
1286
1291
1299
1306
1313
1314
1318
1322
1325
1326
1334
1344
1346
1351
1355
1359
1366
1373
1378
1396
1400
1401
1412
1417
1421
1428
1435
1438
1449
1483
1489
1499
1501
1509
1520
1524
1528
1531
1538
1548
1553
1558
1562
1566
1570
1577
1580
1582
1584
