5
7
13
18
24
26
29
34
38
40
45
49
51
53
56
59
67
69
78
91
100
112
113
115
116
119
139
140
143
145
149
155
158
171
174
178
183
186
187
188
194
201
206
208
210
216
219
221
222
223
226
227
231
237
253
254
256
265
274
275
279
286
287
288
325
326
328
333
354
362
366
370
384
385
387
397
405
411
414
416
417
418
420
434
438
441
443
448
460
469
470
471
474
485
496
500
516
518
522
526
538
539
547
554
558
559
560
561
562
567
578
591
592
598
600
614
628
632
644
647
653
656
657
659
660
662
664
683
688
689
690
691
693
699
704
709
711
737
741
744
749
757
761
762
766
771
775
790
793
795
796
798
800
801
802
814
820
829
835
838
840
842
853
858
859
869
870
872
875
889
892
896
900
903
905
909
911
917
918
920
924
927
931
961
981
982
995
999
1005
1008
1009
1014
1025
1041
1047
1059
1070
1075
1080
1086
1087
1103
1115
1120
1141
1153
1163
1168
1172
1176
1188
1189
1197
1204
1215
1216
1217
1218
1221
1229
1233
1235
1239
1241
1247
1258
1261
1265
1273
1292
1295
1298
1302
1303
1311
1317
1319
1327
1339
1343
1345
1348
1352
1353
1357
1364
1394
1399
1403
1405
1410
1424
1432
1434
1439
1440
1442
1443
1444
1453
1456
1457
1459
1461
1465
1466
1469
1470
1471
1472
1487
1488
1494
1496
1505
1507
1508
1510
1517
1522
1526
1532
1540
1546
1547
1550
1554
1555
1559
1561
1569
1574
1585
