0
8
15
43
52
57
58
63
68
73
77
97
108
118
125
134
135
137
144
147
150
152
156
159
163
165
166
175
191
193
220
224
228
239
241
243
245
252
259
267
269
282
283
285
289
292
305
307
308
309
310
311
312
330
335
348
359
363
364
379
392
395
402
408
412
415
422
431
433
440
445
462
473
475
476
484
488
511
512
514
515
525
531
534
555
570
571
573
575
582
593
597
599
603
609
610
611
631
638
641
642
668
682
684
700
708
710
714
722
734
742
750
752
754
755
760
764
767
776
777
783
787
797
805
809
812
815
822
831
833
844
860
861
864
871
877
883
884
885
890
891
893
925
930
939
945
951
953
954
959
960
962
963
975
977
979
987
1002
1007
1011
1012
1022
1023
1026
1039
1045
1051
1053
1065
1067
1069
1072
1073
1090
1092
1094
1096
1098
1104
1111
1127
1130
1132
1134
1138
1139
1143
1144
1145
1151
1152
1155
1158
1159
1161
1193
1195
1196
1201
1208
1223
1234
1240
1249
1251
1257
1264
1278
1279
1290
1309
1312
1315
1328
1333
1349
1350
1360
1363
1365
1367
1368
1374
1375
1377
1379
1387
1392
1397
1398
1402
1404
1407
1411
1419
1427
1429
1436
1437
1445
1448
1450
1452
1464
1474
1475
1493
1503
1514
1518
1529
1530
1533
1537
1544
1565
1567
1568
1571
1575
1586
