2
10
12
15
22
27
30
38
42
44
45
46
48
50
61
65
67
68
75
81
83
86
102
111
114
124
133
139
141
143
152
153
154
155
169
170
174
176
178
182
187
189
198
212
214
215
216
222
227
244
252
254
264
274
279
289
306
310
321
342
346
347
353
357
369
374
388
400
411
412
414
418
424
429
431
434
442
444
446
452
454
455
468
476
477
478
488
490
491
492
494
495
505
511
521
523
527
528
532
535
540
544
559
568
571
577
581
588
591
592
593
596
605
609
610
615
616
624
628
629
639
652
653
662
664
668
674
683
684
685
687
689
697
700
701
704
716
717
723
730
731
735
737
746
747
748
750
760
767
769
773
775
787
794
802
805
811
819
820
823
827
832
843
860
862
869
895
897
902
905
907
920
926
927
936
938
941
942
951
958
960
964
969
975
979
985
989
998
1000
1001
1004
1016
1023
1027
1029
1033
1044
1048
1051
1055
1057
1059
1065
1068
1069
1072
1074
1083
1086
1089
1104
1106
1107
1110
1112
1118
1123
1125
1126
1134
1136
1142
1143
1150
1152
1157
1161
1164
1173
1176
1180
1184
1197
1199
1206
1211
1214
1222
1228
1231
1243
1247
1255
1257
1261
1262
1265
1267
1275
1277
1278
1298
1303
1306
1318
1330
1332
1339
1342
1345
1351
1358
1369
1378
1380
1384
1385
1411
1415
1421
1427
1430
1444
1450
1465
1467
1468
1478
1485
1505
1511
1514
1516
1519
1524
1527
1539
1547
1551
1556
1558
1570
1572
1577
1579
