1
8
11
16
19
20
29
51
54
60
63
69
74
78
85
88
96
100
107
108
112
113
115
121
125
127
128
135
137
142
146
149
157
159
163
166
181
183
190
200
206
219
228
236
242
246
255
269
271
272
278
280
282
296
303
305
314
316
329
332
338
344
351
358
365
382
387
391
393
396
399
422
445
453
467
471
472
483
485
497
502
509
513
514
516
520
522
526
533
536
539
547
550
553
561
567
573
575
580
583
587
595
597
598
600
602
607
608
621
633
635
646
648
658
665
669
675
678
690
691
693
710
712
715
754
755
758
762
765
781
790
792
793
797
798
807
809
826
829
834
855
856
859
865
878
887
889
893
898
911
913
917
918
929
930
933
939
946
947
950
955
965
970
974
984
990
1002
1010
1011
1015
1017
1022
1038
1039
1042
1043
1046
1071
1088
1097
1098
1099
1111
1119
1122
1131
1140
1144
1146
1155
1159
1160
1170
1174
1183
1186
1188
1190
1191
1203
1205
1209
1215
1221
1240
1251
1259
1263
1274
1280
1284
1287
1288
1299
1302
1307
1308
1312
1317
1331
1343
1361
1363
1371
1375
1381
1388
1393
1399
1406
1407
1410
1414
1438
1441
1443
1446
1447
1456
1458
1464
1469
1476
1479
1481
1482
1486
1493
1498
1504
1510
1512
1513
1517
1534
1537
1544
1546
1549
1562
