4
7
13
14
17
18
24
36
47
56
57
62
76
77
79
82
99
101
117
123
134
144
161
165
171
192
193
203
208
213
245
260
263
285
286
288
298
300
304
309
317
326
327
328
330
333
335
339
341
355
359
361
363
364
367
368
377
380
384
386
389
394
398
406
413
416
420
430
433
435
436
439
441
447
457
458
463
474
479
481
482
486
487
496
501
503
504
508
517
519
524
531
552
565
569
570
584
611
612
620
625
640
641
643
645
651
655
659
663
667
671
686
692
695
699
709
713
718
719
734
739
753
757
764
766
772
780
785
786
795
800
803
810
817
828
836
839
840
847
850
857
858
861
864
868
871
872
875
879
880
890
891
896
901
904
909
914
921
922
932
937
943
944
945
953
961
963
966
977
978
986
991
996
1008
1013
1020
1024
1034
1036
1037
1052
1054
1058
1067
1076
1082
1090
1092
1095
1109
1114
1121
1129
1130
1132
1137
1145
1148
1158
1168
1171
1172
1175
1177
1185
1195
1196
1201
1210
1217
1218
1219
1226
1233
1234
1235
1236
1242
1250
1253
1269
1276
1281
1283
1289
1296
1300
1313
1320
1321
1327
1328
1329
1336
1341
1344
1357
1360
1366
1372
1373
1377
1383
1395
1398
1405
1413
1418
1426
1428
1448
1451
1453
1459
1461
1474
1488
1491
1492
1497
1499
1500
1502
1508
1509
1521
1529
1531
1536
1540
1542
1543
1553
1555
1559
1567
1569
