3
23
25
28
32
33
37
40
49
53
55
64
89
90
94
95
97
98
104
105
118
119
131
132
140
151
156
160
164
167
168
172
175
177
184
202
204
205
207
209
225
230
231
233
234
235
237
238
239
249
258
266
268
276
283
293
297
301
311
313
324
334
345
348
354
360
362
366
376
381
385
404
409
410
415
421
425
428
438
440
451
456
459
460
461
466
469
473
475
480
489
510
512
538
549
551
555
557
558
560
562
564
566
579
582
599
603
604
618
619
626
627
632
634
650
661
677
696
698
707
722
725
726
727
732
733
744
751
759
761
770
771
776
779
783
788
813
814
816
818
830
835
842
846
848
849
851
852
853
854
874
883
886
910
915
916
931
935
956
959
967
973
981
982
988
993
994
995
1009
1012
1018
1025
1035
1045
1050
1056
1073
1075
1087
1093
1094
1096
1113
1117
1128
1139
1163
1165
1166
1169
1192
1200
1207
1208
1223
1225
1239
1268
1272
1273
1291
1292
1315
1333
1334
1340
1346
1347
1354
1355
1356
1359
1367
1374
1376
1379
1392
1396
1400
1404
1416
1417
1420
1424
1425
1429
1434
1436
1439
1440
1445
1449
1455
1463
1475
1484
1490
1496
1503
1520
1525
1530
1538
1548
1560
1563
1578
