5
6
21
26
31
35
59
71
80
84
87
93
116
120
129
138
150
158
162
179
180
186
188
195
197
199
201
210
223
229
232
240
253
262
267
270
273
281
291
294
295
299
302
307
315
318
319
325
331
337
343
349
373
375
378
379
390
392
395
397
401
405
407
423
427
437
450
462
470
493
499
506
507
515
534
541
546
548
556
574
601
606
614
622
630
631
636
642
644
654
670
672
673
676
680
682
694
703
705
706
711
720
721
724
729
738
740
741
743
745
752
756
774
782
784
789
791
799
801
808
815
821
824
825
831
833
837
838
841
866
873
876
877
881
882
884
888
900
903
908
923
940
962
968
972
976
980
992
997
999
1005
1006
1019
1026
1030
1032
1040
1047
1063
1066
1070
1077
1078
1079
1080
1081
1085
1100
1103
1105
1115
1120
1124
1127
1135
1138
1141
1147
1156
1179
1182
1187
1189
1198
1202
1204
1212
1213
1216
1220
1229
1230
1238
1246
1249
1252
1256
1258
1264
1266
1270
1271
1279
1290
1295
1297
1301
1304
1310
1316
1319
1323
1325
1335
1353
1382
1386
1391
1402
1408
1412
1423
1431
1433
1442
1454
1460
1462
1470
1472
1477
1483
1489
1501
1507
1518
1522
1526
1528
1532
1535
1550
1552
1557
1564
1565
1566
1571
1574
