0
9
34
39
41
43
52
58
66
70
72
73
91
92
103
106
109
110
122
126
130
136
145
147
148
173
185
191
194
196
211
217
218
220
221
224
226
241
243
247
248
250
251
256
257
259
261
265
275
277
284
287
290
292
308
312
320
322
323
336
340
350
352
356
370
371
372
383
402
403
408
417
419
426
432
443
448
449
464
465
484
498
500
518
525
529
530
537
542
543
545
554
563
572
576
578
585
586
589
590
594
613
617
623
637
638
647
649
656
657
660
666
679
681
688
702
708
714
728
736
742
749
763
768
777
778
796
804
806
812
822
844
845
863
867
870
885
892
894
899
906
912
919
924
925
928
934
948
949
952
954
957
971
983
987
1003
1007
1014
1021
1028
1031
1041
1049
1053
1060
1061
1062
1064
1084
1091
1101
1102
1108
1116
1133
1149
1151
1153
1154
1162
1167
1178
1181
1193
1194
1224
1227
1232
1237
1241
1244
1245
1248
1254
1260
1282
1285
1286
1293
1294
1305
1309
1311
1314
1322
1324
1326
1337
1338
1348
1349
1350
1352
1362
1364
1365
1368
1370
1387
1389
1390
1394
1397
1401
1403
1409
1419
1422
1432
1435
1437
1452
1457
1466
1471
1473
1480
1487
1494
1495
1506
1515
1523
1533
1541
1545
1554
1561
1568
1573
1575
1576
