0
12
15
23
26
29
40
42
49
53
55
64
65
70
73
81
84
86
93
97
104
120
127
128
142
143
149
154
163
170
179
190
194
196
197
202
219
229
230
245
247
255
265
269
275
278
320
321
326
330
334
344
348
353
377
378
382
384
386
394
400
403
404
411
416
417
439
441
442
448
455
456
459
479
496
514
524
525
529
531
533
534
535
544
546
548
550
552
559
561
566
571
584
592
605
614
622
626
645
647
649
664
665
673
676
685
686
689
698
704
715
716
718
727
737
743
747
763
766
772
775
776
777
778
781
782
792
798
806
810
812
816
819
829
831
834
839
840
843
856
857
859
863
865
884
886
888
889
906
910
921
923
932
935
936
947
955
958
960
971
977
986
987
990
992
997
1019
1031
1033
1034
1038
1042
1048
1056
1060
1062
1073
1082
1083
1084
1088
1097
1108
1111
1116
1123
1130
1139
1141
1149
1151
1154
1156
1174
1180
1189
1193
1208
1210
1225
1226
1231
1248
1250
1254
1256
1262
1281
1285
1288
1290
1291
1293
1295
1307
1314
1316
1318
1320
1327
1333
1346
1361
1369
1374
1378
1382
1383
1386
1389
1392
1397
1400
1415
1428
1436
1444
1445
1446
1448
1457
1461
1464
1480
1481
1483
1500
1501
1510
1513
1517
1520
1527
1533
1543
1545
1554
1559
1561
1566
1567
1582
1585
