4
28
41
51
52
56
63
71
77
87
92
95
96
99
107
108
111
121
144
150
151
157
169
180
185
188
195
205
207
215
217
233
235
238
241
248
250
252
259
261
262
271
276
286
290
296
298
306
327
329
332
341
347
349
351
357
371
387
389
390
391
393
397
405
408
409
410
414
423
425
426
431
436
438
449
451
454
464
465
466
481
486
489
491
497
501
502
508
511
516
520
521
527
536
554
557
565
567
570
576
582
590
599
601
604
630
639
641
648
650
654
662
666
667
672
678
684
687
694
695
700
713
728
734
740
744
748
754
757
762
765
767
788
794
799
800
808
849
855
860
861
862
867
870
874
882
900
905
907
913
922
927
931
937
943
957
966
1005
1017
1020
1024
1025
1028
1047
1052
1069
1072
1077
1081
1085
1092
1098
1101
1113
1114
1117
1120
1128
1129
1136
1138
1142
1144
1147
1157
1165
1171
1176
1187
1200
1202
1205
1206
1209
1218
1220
1223
1230
1233
1241
1247
1253
1268
1270
1272
1280
1286
1287
1289
1297
1298
1301
1305
1311
1313
1322
1338
1341
1343
1345
1347
1354
1366
1367
1368
1370
1377
1393
1396
1403
1406
1407
1410
1411
1416
1429
1430
1433
1439
1452
1454
1455
1463
1467
1468
1474
1478
1492
1504
1511
1519
1521
1529
1542
1548
1565
1570
1571
1578
