3
19
25
27
31
35
36
45
46
48
50
61
62
66
74
79
80
90
94
100
105
110
113
122
125
129
134
136
137
139
164
172
176
177
178
187
189
193
199
200
208
211
218
220
224
225
228
231
236
239
240
243
244
249
254
256
267
268
270
272
274
280
284
288
291
292
302
303
308
319
333
336
338
340
345
350
356
360
364
367
381
399
406
407
415
418
419
420
427
447
467
468
470
471
476
477
484
487
498
500
515
519
522
523
532
537
539
540
555
563
577
581
586
587
588
589
607
608
609
612
613
624
632
633
635
637
644
653
658
677
692
693
701
709
710
722
732
733
736
752
758
764
768
769
771
773
779
787
793
795
797
804
820
821
830
832
845
850
852
877
878
881
883
887
893
911
914
920
924
926
938
939
949
950
962
963
968
972
980
985
988
989
996
998
1001
1002
1006
1008
1009
1013
1032
1044
1046
1051
1053
1058
1059
1064
1071
1075
1079
1080
1086
1089
1090
1091
1100
1105
1106
1109
1110
1122
1125
1126
1127
1131
1132
1143
1150
1158
1161
1168
1170
1173
1175
1183
1186
1195
1203
1212
1213
1229
1236
1238
1243
1246
1249
1255
1257
1263
1266
1274
1284
1296
1306
1310
1317
1325
1331
1332
1351
1365
1371
1379
1384
1387
1404
1418
1419
1427
1432
1438
1440
1449
1451
1456
1465
1472
1473
1484
1498
1507
1518
1531
1550
1555
1557
1579
1584
1589
