5
9
11
16
21
32
33
43
47
59
72
82
85
89
102
119
123
130
140
141
152
153
160
165
166
168
173
183
186
198
204
209
210
212
214
223
257
258
260
264
273
279
281
282
283
285
287
301
307
309
310
314
315
318
337
342
366
369
375
379
385
413
429
430
433
435
444
452
460
463
475
485
488
490
512
518
528
547
549
553
562
569
572
575
580
585
591
593
595
597
606
615
618
629
634
636
646
651
668
670
671
674
680
681
683
705
708
712
719
723
724
725
726
729
731
735
746
749
751
755
759
770
774
783
790
796
803
817
824
826
841
846
851
853
854
858
866
876
879
890
894
895
899
904
908
915
919
928
930
934
940
941
942
954
956
959
965
969
973
979
991
999
1003
1004
1011
1015
1022
1030
1035
1039
1040
1041
1045
1063
1068
1078
1103
1107
1112
1119
1121
1124
1146
1152
1159
1163
1166
1169
1177
1178
1188
1207
1211
1215
1228
1239
1242
1252
1259
1260
1261
1267
1283
1302
1304
1312
1315
1319
1321
1328
1330
1334
1335
1336
1344
1352
1355
1360
1362
1363
1364
1380
1381
1385
1391
1395
1405
1408
1409
1412
1421
1422
1423
1437
1443
1447
1469
1471
1475
1476
1482
1486
1491
1495
1499
1509
1525
1526
1536
1538
1541
1552
1553
1556
1558
1560
1564
1569
1574
1575
1580
1581
1586
