1
6
20
30
34
38
44
54
57
67
69
78
83
88
91
98
106
109
118
131
132
135
138
145
146
148
155
156
159
171
181
182
203
221
222
226
232
234
237
277
289
293
294
300
316
323
331
343
352
354
355
362
363
368
376
383
388
395
401
412
422
424
428
434
437
445
446
453
457
461
462
472
473
478
480
482
483
492
499
503
504
505
506
507
510
513
517
526
530
541
543
545
551
564
573
574
579
583
594
596
598
600
602
610
611
616
617
619
620
621
627
628
638
643
655
659
661
675
679
688
690
691
697
707
717
738
739
741
742
745
750
760
761
780
784
785
786
789
801
802
805
811
815
818
822
825
828
835
837
838
842
844
847
868
869
871
872
873
880
891
898
902
903
909
912
916
917
918
933
944
945
948
964
976
978
981
982
995
1000
1007
1012
1016
1018
1021
1023
1026
1027
1029
1036
1043
1050
1054
1065
1074
1087
1093
1099
1104
1115
1118
1134
1135
1140
1145
1155
1164
1172
1184
1185
1194
1196
1198
1201
1204
1214
1216
1219
1222
1227
1237
1240
1245
1258
1265
1269
1275
1277
1278
1282
1292
1294
1303
1308
1323
1329
1337
1340
1348
1349
1350
1353
1359
1372
1373
1375
1376
1388
1390
1394
1399
1401
1413
1414
1417
1420
1424
1425
1431
1435
1450
1458
1462
1466
1470
1479
1485
1487
1488
1493
1497
1502
1503
1506
1514
1515
1516
1522
1523
1528
1530
1532
1534
1535
1537
1540
1544
1546
1547
1549
1551
1562
1563
1568
1572
1573
1583
