2
7
8
10
13
14
17
18
22
24
37
39
58
60
68
75
76
101
103
112
114
115
116
117
124
126
133
147
158
161
162
167
174
175
184
191
192
201
206
213
216
227
242
246
251
253
263
266
295
297
299
304
305
311
312
313
317
322
324
325
328
335
339
346
358
359
361
365
370
372
373
374
380
392
396
398
402
421
432
440
443
450
458
469
474
493
494
495
509
538
542
556
558
560
568
578
603
623
625
631
640
642
652
656
657
660
663
669
682
696
699
702
703
706
711
714
720
721
730
753
756
791
807
809
813
814
823
827
833
836
848
864
875
885
892
896
897
901
925
929
946
951
952
953
961
967
970
974
975
983
984
993
994
1010
1014
1037
1049
1055
1057
1061
1066
1067
1070
1076
1094
1095
1096
1102
1133
1137
1148
1153
1160
1162
1167
1179
1181
1182
1190
1191
1192
1197
1199
1217
1221
1224
1232
1234
1235
1244
1251
1264
1271
1273
1276
1279
1299
1300
1309
1324
1326
1339
1342
1356
1357
1358
1398
1402
1426
1434
1441
1442
1453
1459
1460
1477
1489
1490
1494
1496
1505
1508
1512
1524
1539
1576
1577
1587
1588
