5
20
21
22
24
29
40
44
46
47
58
98
109
110
111
114
127
130
143
145
148
155
175
176
179
181
199
206
221
224
229
232
233
244
246
247
253
262
263
272
275
277
278
286
289
290
293
296
304
308
310
317
322
327
331
332
340
350
352
353
356
369
382
391
392
397
410
415
420
426
432
447
451
461
462
466
469
472
488
492
501
502
503
507
508
513
514
521
524
527
547
548
559
560
562
565
577
582
585
589
599
601
611
615
620
625
626
627
630
644
647
659
665
668
674
676
699
709
710
720
733
738
744
746
748
757
760
776
779
801
802
811
816
831
837
853
860
863
897
900
902
904
912
914
918
926
936
940
943
944
953
969
979
980
982
984
986
989
995
1036
1050
1054
1060
1070
1073
1075
1076
1097
1107
1111
1125
1129
1130
1134
1144
1151
1153
1157
1160
1162
1165
1169
1172
1173
1175
1176
1200
1206
1212
1215
1220
1224
1226
1229
1233
1234
1251
1255
1256
1258
1272
1276
1285
1287
1299
1302
1307
1309
1333
1335
1342
1371
1377
1388
1409
1418
1430
1444
1453
1457
1462
1466
1468
1471
1484
1498
1502
1506
1509
1511
1513
1534
1536
1537
1560
1565
1568
1569
1570
