1
6
15
35
37
51
52
59
61
63
65
67
70
80
81
82
87
91
102
106
117
120
123
134
137
139
159
164
174
180
184
196
214
219
230
234
237
239
251
256
266
274
282
283
326
330
333
336
342
364
370
375
379
384
400
407
412
413
414
418
422
427
428
438
439
442
452
453
454
456
473
477
482
490
495
498
509
517
533
536
541
546
551
555
558
564
566
569
575
587
590
608
613
614
624
629
631
632
633
634
635
641
645
653
663
664
666
684
686
695
698
704
706
707
715
724
745
785
803
813
819
834
835
840
852
858
861
862
864
869
871
876
878
882
892
896
899
908
920
924
925
946
958
962
965
966
967
970
971
978
991
1002
1006
1007
1012
1021
1022
1028
1031
1032
1034
1038
1039
1047
1049
1062
1065
1080
1082
1083
1087
1091
1095
1105
1106
1108
1109
1117
1120
1131
1133
1143
1148
1149
1159
1161
1179
1182
1186
1189
1191
1193
1201
1203
1208
1210
1218
1225
1227
1228
1230
1244
1247
1248
1254
1259
1273
1274
1279
1280
1290
1292
1293
1306
1311
1312
1315
1316
1318
1320
1322
1329
1337
1344
1345
1356
1357
1359
1361
1362
1372
1373
1376
1378
1389
1401
1403
1406
1407
1408
1412
1425
1429
1434
1446
1447
1463
1470
1479
1492
1494
1499
1501
1504
1507
1508
1510
1514
1525
1527
1528
1539
1544
1550
1555
1556
1557
1558
1563
1566
