3
7
12
13
16
19
26
31
32
36
45
62
66
68
72
77
78
83
90
96
97
104
107
115
119
128
141
146
147
153
158
166
172
182
185
195
208
209
211
216
227
243
245
254
258
259
264
269
284
287
295
297
301
309
311
323
337
339
343
345
346
358
372
377
387
388
390
393
396
398
409
417
421
423
433
437
440
450
455
458
464
481
487
500
506
516
519
520
523
525
528
535
552
567
574
576
578
579
581
583
584
598
600
604
612
623
642
650
652
657
660
662
667
672
675
678
679
681
682
685
688
689
692
694
700
714
721
722
723
726
735
736
739
740
741
743
747
763
773
777
790
792
793
800
812
820
823
826
827
836
846
854
873
883
884
886
890
891
898
903
905
913
916
921
928
932
935
941
950
955
959
972
975
983
987
994
1003
1009
1010
1016
1018
1024
1025
1033
1041
1042
1044
1048
1051
1056
1059
1063
1064
1066
1067
1069
1072
1081
1098
1101
1102
1103
1114
1115
1118
1121
1124
1138
1140
1152
1154
1156
1166
1178
1202
1213
1216
1238
1240
1241
1250
1253
1261
1263
1266
1267
1277
1278
1281
1283
1286
1288
1291
1294
1297
1300
1308
1310
1319
1326
1327
1328
1334
1340
1350
1352
1354
1355
1368
1369
1370
1375
1379
1381
1383
1384
1387
1395
1396
1399
1402
1410
1414
1432
1435
1436
1437
1443
1445
1448
1449
1451
1452
1461
1472
1481
1489
1500
1518
1523
1531
1538
1546
1548
1553
1559
1577
1581
1584
