0
8
11
14
17
25
27
33
34
42
43
48
50
55
57
75
84
85
86
99
101
103
105
112
113
116
126
150
151
152
160
167
171
173
183
186
194
200
201
202
205
207
217
228
236
240
241
248
255
261
279
280
292
306
312
316
320
324
325
328
329
335
351
354
362
371
376
378
381
385
386
389
395
399
401
404
434
441
449
457
474
475
476
497
499
504
510
511
515
518
522
534
538
539
550
563
580
591
594
595
596
603
606
610
617
622
638
639
654
655
658
669
671
690
693
701
711
716
719
725
728
729
730
732
737
742
753
759
762
765
767
768
769
774
778
782
784
788
789
791
796
797
798
799
805
806
817
833
844
845
856
857
866
874
879
893
919
923
927
937
939
942
945
949
952
954
961
963
964
968
974
981
990
999
1000
1001
1005
1008
1020
1029
1030
1043
1046
1052
1053
1058
1071
1084
1085
1093
1096
1104
1112
1119
1122
1123
1126
1135
1137
1139
1141
1167
1180
1181
1184
1187
1197
1204
1207
1209
1214
1221
1232
1235
1242
1243
1245
1249
1260
1264
1265
1269
1282
1284
1304
1305
1321
1331
1336
1338
1348
1360
1367
1380
1382
1385
1390
1394
1404
1416
1422
1427
1431
1439
1441
1442
1450
1458
1459
1460
1473
1485
1486
1488
1491
1493
1517
1520
1526
1530
1541
1543
1554
1573
1575
1579
1580
1582
1583
