4
10
18
23
28
30
38
49
53
56
69
71
73
74
79
88
89
94
95
100
108
122
124
125
132
136
138
140
144
156
161
162
163
165
169
170
177
178
191
192
193
197
212
213
220
222
223
225
238
242
249
257
265
267
268
294
298
299
300
302
303
307
313
315
321
341
347
359
360
366
374
380
394
405
406
429
435
448
459
465
468
470
471
478
479
480
485
486
491
493
530
531
532
540
543
544
545
549
557
561
573
586
588
593
597
602
605
607
618
628
636
640
643
656
670
680
683
697
702
705
717
718
749
750
751
761
764
770
771
772
775
780
781
783
794
804
809
814
815
821
825
828
829
838
839
842
847
848
855
870
872
875
877
880
887
888
894
895
906
907
909
910
915
988
993
997
1013
1014
1015
1017
1023
1027
1037
1040
1074
1077
1078
1086
1088
1089
1090
1099
1100
1110
1128
1146
1147
1150
1163
1168
1171
1177
1183
1188
1190
1194
1198
1205
1211
1217
1231
1237
1239
1246
1257
1268
1271
1275
1295
1313
1314
1324
1330
1341
1343
1346
1347
1349
1351
1358
1364
1386
1391
1392
1397
1400
1413
1420
1421
1424
1426
1428
1465
1467
1477
1478
1480
1482
1483
1495
1496
1503
1505
1515
1516
1519
1521
1522
1524
1529
1540
1545
1547
1552
1567
1571
1572
1574
1576
