2
9
39
41
54
60
64
76
92
93
118
121
129
131
133
135
142
149
154
157
168
187
188
189
190
198
203
204
210
215
218
226
231
235
250
252
260
270
271
273
276
281
285
288
291
305
314
318
319
334
338
344
348
349
355
357
361
363
365
367
368
373
383
402
403
408
411
416
419
424
425
430
431
436
443
444
445
446
460
463
467
483
484
489
494
496
505
512
526
529
537
542
553
554
556
568
570
571
572
592
609
616
619
621
637
646
648
649
651
661
673
677
687
691
696
703
708
712
713
727
731
734
752
754
755
756
758
766
786
787
795
807
808
810
818
822
824
830
832
841
843
849
850
851
859
865
867
868
881
885
889
901
911
917
922
929
930
931
933
934
938
947
948
951
956
957
960
973
976
977
985
992
996
998
1004
1011
1019
1026
1035
1045
1055
1057
1061
1068
1079
1092
1094
1113
1116
1127
1132
1136
1142
1145
1155
1158
1164
1170
1174
1185
1192
1195
1196
1199
1219
1222
1223
1236
1252
1262
1270
1289
1296
1298
1301
1303
1317
1323
1325
1332
1339
1353
1363
1365
1366
1374
1393
1398
1405
1411
1415
1417
1419
1423
1433
1438
1440
1454
1455
1456
1464
1469
1474
1475
1476
1487
1490
1497
1512
1532
1533
1535
1542
1549
1551
1561
1562
1564
1578
