1
13
19
24
31
53
101
109
111
115
130
141
158
160
168
180
193
195
198
202
210
213
218
220
241
242
244
245
247
262
264
281
285
290
294
311
315
317
318
319
321
325
328
333
339
341
351
352
357
363
374
375
390
392
394
395
405
413
419
430
445
451
463
467
470
475
476
477
483
488
490
492
493
499
502
509
513
526
528
540
553
554
555
557
558
563
565
566
575
582
587
588
591
592
594
597
609
621
624
625
631
641
645
650
657
668
675
691
693
705
711
718
719
723
726
733
740
748
765
768
774
777
782
787
801
812
815
816
818
830
846
848
855
857
866
894
897
900
914
949
959
961
962
965
969
980
981
990
997
998
1007
1018
1022
1043
1045
1052
1053
1054
1055
1057
1067
1080
1081
1084
1086
1098
1102
1103
1109
1110
1118
1143
1144
1148
1161
1182
1183
1184
1201
1202
1208
1209
1221
1222
1228
1232
1239
1241
1245
1248
1253
1257
1261
1267
1270
1283
1304
1308
1311
1315
1322
1329
1334
1336
1337
1350
1353
1357
1362
1364
1374
1376
1385
1390
1396
1399
1406
1409
1410
1412
1417
1420
1428
1430
1435
1445
1446
1458
1461
1464
1466
1468
1469
1478
1482
1487
1488
1491
1494
1506
1510
1518
1537
1538
1539
1546
1550
1566
1570
1575
1576
1579
1581
