4
8
17
23
77
79
82
85
87
91
92
93
99
102
112
123
127
134
140
156
164
172
191
196
200
222
224
227
231
234
238
240
243
250
261
265
275
279
280
288
293
295
301
303
310
314
330
332
335
336
340
349
356
359
364
371
378
381
383
387
404
407
411
421
435
447
450
464
466
472
487
491
496
506
515
531
541
556
561
564
572
573
595
600
617
618
619
623
629
636
642
644
646
651
670
682
686
695
699
701
712
722
731
737
745
760
769
773
788
792
802
809
811
828
833
839
840
843
859
861
864
868
874
879
887
889
893
896
903
912
915
928
941
950
952
954
955
966
970
973
974
976
983
986
988
989
991
995
1001
1003
1019
1021
1024
1027
1028
1029
1033
1035
1036
1037
1061
1064
1066
1071
1072
1073
1082
1094
1104
1106
1107
1112
1114
1115
1126
1127
1129
1131
1134
1136
1140
1146
1149
1153
1159
1160
1171
1180
1192
1196
1198
1203
1210
1212
1227
1242
1244
1263
1264
1269
1276
1279
1286
1288
1289
1294
1295
1300
1301
1302
1321
1340
1342
1345
1351
1360
1375
1378
1386
1389
1394
1403
1414
1416
1418
1427
1433
1436
1437
1438
1439
1455
1470
1472
1489
1495
1497
1501
1507
1508
1516
1521
1529
1542
1544
1549
1552
1555
1561
1569
1571
1572
1573
1582
