5
6
7
11
12
15
16
20
21
32
33
34
45
46
47
48
51
52
57
58
60
68
69
103
104
110
114
117
118
125
129
131
132
138
139
142
146
154
163
171
179
187
189
190
192
194
201
204
206
217
225
229
239
253
255
260
263
272
273
274
277
283
286
287
296
324
326
327
345
355
362
369
384
385
389
398
415
416
420
433
436
439
440
441
452
459
461
465
478
481
484
486
505
510
527
529
535
538
547
549
560
568
579
583
589
596
605
606
607
610
620
628
634
637
638
643
647
648
655
660
666
687
690
703
706
707
710
713
734
736
738
746
754
755
779
780
789
793
795
799
806
824
826
834
841
844
856
858
870
876
890
892
895
899
902
904
907
910
916
935
939
947
951
953
960
963
964
978
999
1004
1009
1017
1020
1023
1032
1038
1039
1041
1042
1051
1063
1065
1069
1074
1087
1089
1090
1116
1124
1145
1147
1156
1164
1169
1172
1176
1179
1185
1194
1199
1204
1207
1211
1213
1217
1219
1223
1229
1230
1231
1234
1249
1256
1278
1291
1310
1313
1325
1332
1346
1349
1352
1354
1355
1363
1379
1384
1392
1398
1400
1421
1422
1425
1429
1431
1440
1460
1465
1484
1490
1498
1522
1524
1526
1528
1530
1532
1547
1564
1565
1580
1583
