0
27
30
38
39
42
49
50
56
62
66
86
94
95
105
124
136
144
148
153
159
162
166
173
176
182
183
185
203
205
214
223
230
232
233
248
251
254
266
267
276
284
289
291
292
297
298
300
308
322
334
338
353
354
358
361
367
368
388
401
406
412
417
418
422
424
431
438
448
449
456
460
479
480
485
495
503
508
514
522
523
530
536
548
551
559
567
574
581
584
585
598
599
604
612
614
622
627
630
633
640
654
656
659
667
676
677
678
684
685
689
696
702
704
708
715
717
720
724
725
732
741
747
750
756
757
759
766
767
775
781
791
794
796
798
807
810
817
823
827
831
832
837
860
872
881
882
883
885
888
898
901
906
909
913
917
919
921
923
927
930
932
934
944
946
957
967
971
982
984
993
994
996
1010
1012
1026
1030
1031
1044
1046
1049
1056
1070
1075
1076
1077
1085
1092
1093
1096
1099
1100
1108
1117
1122
1123
1125
1132
1133
1141
1151
1162
1163
1165
1170
1191
1193
1200
1206
1216
1224
1225
1240
1254
1255
1259
1260
1266
1273
1282
1284
1290
1297
1298
1305
1306
1307
1309
1316
1317
1318
1319
1320
1324
1328
1344
1348
1356
1359
1366
1367
1381
1387
1391
1423
1424
1426
1444
1448
1452
1457
1459
1462
1463
1473
1480
1481
1483
1492
1496
1499
1502
1505
1511
1513
1514
1515
1519
1520
1531
1536
1551
1557
