2
9
10
14
18
25
26
28
29
36
40
59
61
63
74
75
83
100
106
107
116
119
120
122
126
133
135
137
145
151
152
169
170
174
175
177
181
184
186
207
212
216
226
236
237
246
249
252
257
269
282
299
302
307
309
329
337
343
344
346
348
350
360
365
370
373
376
377
382
393
402
403
408
409
414
423
426
429
432
434
442
444
453
457
462
471
474
501
507
511
516
517
519
520
525
532
533
534
537
539
544
546
562
569
576
577
601
602
608
611
615
635
639
661
663
664
665
669
671
672
680
697
698
721
729
730
735
739
744
749
752
753
763
772
783
785
800
805
808
820
821
822
829
847
849
850
853
854
862
863
873
877
880
884
891
924
926
929
933
936
937
940
942
943
948
956
958
975
979
987
992
1000
1008
1011
1013
1015
1016
1034
1040
1048
1050
1060
1078
1079
1088
1097
1101
1105
1111
1119
1120
1128
1135
1137
1138
1139
1152
1154
1158
1167
1173
1175
1178
1188
1189
1195
1214
1215
1220
1226
1233
1235
1236
1238
1251
1252
1265
1268
1274
1275
1280
1287
1293
1299
1303
1323
1326
1333
1347
1365
1369
1371
1377
1382
1393
1397
1402
1408
1411
1415
1419
1434
1441
1442
1451
1454
1456
1467
1471
1474
1476
1477
1479
1500
1503
1509
1512
1517
1527
1533
1535
1541
1543
1548
1553
1560
1563
1567
1574
1584
1585
