3
22
35
37
41
43
44
54
55
64
65
67
70
71
72
73
76
78
80
81
84
88
89
90
96
97
98
108
113
121
128
143
147
149
150
155
157
161
165
167
178
188
197
199
208
209
211
215
219
221
228
235
256
258
259
268
270
271
278
304
305
306
312
313
316
320
323
331
342
347
366
372
379
380
386
391
396
397
399
400
410
425
427
428
437
443
446
454
455
458
468
469
473
482
489
494
497
498
500
504
512
518
521
524
542
543
545
550
552
570
571
578
580
586
590
593
603
613
616
626
632
649
652
653
658
662
673
674
679
681
683
688
692
694
700
709
714
716
727
728
742
743
751
758
761
762
764
770
771
776
778
784
786
790
797
803
804
813
814
819
825
835
836
838
842
845
851
852
865
867
869
871
875
878
886
905
908
911
918
920
922
925
931
938
945
968
972
977
985
1002
1005
1006
1014
1025
1047
1058
1059
1062
1068
1083
1091
1095
1113
1121
1130
1142
1150
1155
1157
1166
1168
1174
1177
1181
1186
1187
1190
1197
1205
1218
1237
1243
1246
1247
1250
1258
1262
1271
1272
1277
1281
1285
1292
1296
1312
1314
1327
1330
1331
1335
1338
1339
1341
1343
1358
1361
1368
1370
1372
1373
1380
1383
1388
1395
1401
1404
1405
1407
1413
1432
1443
1447
1449
1450
1453
1475
1485
1486
1493
1504
1523
1525
1534
1540
1545
1554
1556
1558
1559
1562
1568
1577
1578
