4
10
14
17
35
36
39
45
47
83
101
106
125
129
133
134
143
145
159
160
163
166
167
168
173
192
195
197
205
206
208
213
224
232
233
240
242
277
280
282
283
284
310
321
332
337
343
346
359
371
374
375
376
382
384
387
388
389
405
410
417
427
428
431
432
445
450
463
466
469
478
479
492
496
512
517
534
541
543
549
558
572
574
591
593
596
620
625
635
649
651
666
672
678
680
683
685
686
687
692
698
705
707
713
719
721
725
727
746
754
768
771
789
790
795
800
801
802
804
809
810
823
828
829
833
835
850
859
871
875
877
881
884
891
894
896
906
912
918
920
931
932
942
945
949
951
955
965
966
974
981
984
994
997
1002
1008
1012
1014
1020
1023
1025
1030
1040
1044
1047
1051
1062
1064
1072
1077
1081
1086
1091
1100
1103
1104
1106
1109
1118
1121
1123
1133
1141
1157
1158
1167
1172
1182
1189
1197
1199
1223
1236
1237
1239
1256
1261
1264
1265
1267
1270
1271
1274
1276
1278
1282
1284
1288
1290
1295
1299
1302
1311
1318
1321
1338
1346
1347
1350
1354
1358
1360
1369
1371
1377
1385
1386
1401
1407
1413
1414
1437
1457
1459
1463
1477
1479
1481
1484
1498
1509
1515
1516
1530
1536
1538
1545
1552
1558
1563
1575
1581
1582
