5
7
18
30
37
38
56
62
63
65
67
68
71
86
99
104
105
107
110
127
128
131
132
137
139
142
148
169
171
174
179
182
187
190
210
223
227
236
247
252
254
262
265
292
301
312
319
320
322
323
324
327
341
348
358
360
372
377
378
381
385
386
394
403
406
409
411
414
430
433
437
443
448
449
453
456
457
459
467
474
475
488
490
494
499
500
504
508
514
518
528
530
531
552
565
567
569
570
571
577
583
606
610
613
616
618
624
630
637
638
640
644
664
665
699
715
730
734
739
740
741
750
760
774
785
788
791
792
796
799
805
806
815
816
825
834
843
844
860
862
867
876
879
888
895
897
898
902
903
905
908
916
919
923
929
933
939
950
958
960
961
968
979
986
988
992
996
1005
1007
1009
1024
1027
1035
1037
1057
1060
1063
1069
1085
1088
1092
1093
1096
1097
1099
1114
1115
1119
1120
1131
1135
1150
1170
1171
1173
1175
1185
1191
1194
1211
1222
1227
1229
1232
1251
1283
1289
1303
1312
1317
1319
1325
1333
1349
1353
1363
1364
1376
1379
1393
1398
1406
1411
1421
1430
1438
1445
1461
1467
1469
1475
1488
1493
1496
1508
1511
1513
1514
1517
1519
1527
1529
1540
1541
1553
1560
1565
1567
1573
1576
1578
1585
