0
8
9
16
19
24
29
31
34
40
48
52
54
55
57
58
73
76
77
79
80
88
95
100
102
119
146
158
170
175
177
180
181
191
193
196
198
207
211
215
222
230
234
238
243
246
258
260
263
268
270
271
273
285
287
290
294
297
302
309
313
316
329
331
336
345
351
352
353
355
362
364
365
373
390
392
393
398
400
402
404
415
416
418
419
422
424
434
436
438
439
446
451
452
455
465
477
487
495
501
506
513
515
516
520
521
526
536
544
546
550
554
556
559
560
564
566
575
578
581
587
597
601
604
614
617
629
634
647
653
655
663
669
670
677
688
691
696
697
702
704
716
717
723
731
736
757
758
759
764
767
786
798
803
807
808
811
836
837
839
841
847
852
853
855
857
858
866
872
873
882
883
886
904
926
928
937
944
971
975
976
982
985
995
999
1003
1004
1010
1019
1031
1046
1061
1068
1071
1076
1098
1124
1127
1128
1136
1139
1140
1146
1149
1153
1160
1165
1168
1183
1186
1187
1195
1198
1200
1205
1208
1209
1217
1225
1226
1228
1235
1241
1246
1248
1249
1253
1257
1263
1268
1279
1281
1291
1292
1293
1297
1298
1304
1308
1314
1316
1320
1323
1330
1335
1372
1378
1382
1390
1416
1417
1420
1425
1429
1432
1440
1446
1447
1448
1452
1454
1455
1460
1468
1470
1472
1478
1482
1483
1505
1507
1522
1525
1531
1533
1546
1548
1555
1557
1561
1574
