3
20
21
33
41
42
44
50
59
60
61
66
69
72
74
78
84
90
93
94
97
103
117
121
122
124
141
144
151
153
155
157
172
176
185
186
189
194
201
204
216
217
218
221
237
239
244
250
251
257
266
267
279
286
289
298
303
305
307
314
315
318
330
333
349
356
363
366
367
369
370
391
395
396
407
412
413
420
426
435
441
447
454
464
471
480
482
484
491
498
502
509
511
519
524
525
547
551
553
563
573
576
585
594
598
611
612
615
622
626
628
636
639
642
657
659
660
661
673
684
689
690
701
709
712
722
728
735
738
742
749
755
756
761
763
765
766
770
773
777
787
794
817
818
819
820
824
827
846
856
865
874
880
885
887
889
890
900
901
907
911
914
921
924
925
953
957
963
964
969
972
980
998
1001
1016
1018
1026
1036
1038
1042
1050
1052
1054
1065
1070
1078
1082
1084
1102
1105
1108
1117
1122
1129
1134
1147
1151
1155
1156
1162
1163
1164
1166
1169
1174
1181
1193
1201
1207
1213
1221
1231
1233
1238
1245
1250
1260
1266
1287
1301
1306
1309
1315
1322
1326
1327
1329
1331
1336
1340
1343
1344
1348
1355
1356
1370
1392
1397
1405
1424
1428
1431
1433
1442
1462
1471
1474
1495
1501
1532
1534
1535
1537
1547
1569
1570
1571
1577
1579
1580
