1
6
15
22
25
28
43
46
64
70
82
87
92
98
108
109
111
112
113
116
126
130
135
140
154
164
165
178
183
184
188
203
212
214
220
226
241
248
249
253
261
264
275
278
281
288
291
295
296
299
300
325
338
342
344
347
350
368
379
421
423
440
442
462
470
472
476
483
505
522
523
527
529
532
540
542
545
548
555
557
561
579
584
589
590
592
595
599
600
602
603
609
623
627
631
633
645
648
652
671
674
675
679
681
694
700
703
706
708
710
711
714
720
724
729
743
744
748
753
772
775
776
778
779
780
781
783
814
826
830
840
842
845
849
878
892
899
909
910
922
930
938
940
948
954
959
967
978
983
993
1000
1006
1011
1013
1021
1022
1028
1029
1032
1034
1039
1049
1053
1058
1067
1074
1079
1087
1089
1095
1111
1113
1116
1125
1126
1132
1137
1138
1159
1161
1176
1179
1184
1188
1190
1192
1203
1204
1206
1210
1214
1220
1224
1230
1234
1240
1243
1244
1252
1254
1255
1259
1273
1275
1277
1286
1296
1310
1328
1339
1341
1357
1361
1362
1366
1373
1375
1380
1381
1383
1384
1387
1388
1389
1391
1396
1399
1403
1404
1408
1412
1418
1419
1422
1426
1443
1451
1453
1456
1458
1464
1465
1466
1473
1485
1489
1494
1500
1502
1504
1506
1510
1523
1524
1526
1528
1544
1551
1554
1559
1562
1566
1583
