2
11
12
13
23
26
27
32
49
51
53
75
81
85
89
91
96
114
115
118
120
123
136
138
147
149
150
152
156
161
162
199
200
202
209
219
225
228
229
231
235
245
255
256
259
269
272
274
276
293
304
306
308
311
317
326
328
334
335
339
340
354
357
361
380
383
397
399
401
408
425
429
444
458
460
461
468
473
481
485
486
489
493
497
503
507
510
533
535
537
538
539
562
568
580
582
586
588
605
607
608
619
621
632
641
643
646
650
654
656
658
662
667
668
676
682
693
695
718
726
732
733
737
745
747
751
752
762
769
782
784
793
797
812
813
821
822
831
832
838
848
851
854
861
863
864
868
869
870
893
913
915
917
927
934
935
936
941
943
946
947
952
956
962
970
973
977
987
989
990
991
1015
1017
1033
1041
1043
1045
1048
1055
1056
1059
1066
1073
1075
1080
1083
1090
1094
1101
1107
1110
1112
1130
1142
1143
1144
1145
1148
1152
1154
1177
1178
1180
1196
1202
1212
1215
1216
1218
1219
1242
1247
1258
1262
1269
1272
1280
1285
1294
1300
1305
1307
1313
1324
1332
1334
1337
1342
1345
1351
1352
1359
1365
1367
1368
1374
1394
1395
1400
1402
1409
1410
1415
1423
1427
1434
1435
1436
1439
1441
1444
1449
1450
1476
1480
1486
1487
1490
1491
1492
1497
1499
1503
1512
1518
1520
1521
1539
1542
1543
1549
1550
1556
1564
1568
1572
1584
