0
6
7
13
14
15
17
19
27
36
38
44
45
48
51
52
53
55
60
65
68
71
80
82
103
116
122
126
134
140
143
144
149
151
159
160
162
166
168
170
188
189
198
200
201
203
208
210
216
217
219
227
230
234
237
241
243
250
251
254
260
264
278
285
313
319
321
323
325
328
330
338
339
342
345
346
353
358
367
373
377
378
386
399
400
413
414
416
417
420
426
433
442
445
448
463
465
470
479
483
489
501
508
524
527
529
535
536
540
542
544
560
565
586
587
594
595
604
610
611
614
617
631
640
643
644
655
662
685
694
697
698
702
705
707
712
713
721
726
732
738
740
741
744
750
754
757
758
763
764
765
767
774
779
786
788
791
800
807
812
814
841
851
858
878
902
904
906
910
912
919
920
929
937
938
946
949
953
954
955
959
960
961
973
975
977
984
985
991
993
995
998
1009
1012
1018
1026
1027
1030
1034
1035
1037
1053
1067
1068
1075
1076
1080
1081
1087
1089
1095
1103
1110
1111
1120
1126
1133
1162
1173
1175
1178
1179
1183
1191
1208
1234
1237
1251
1260
1262
1274
1276
1280
1289
1292
1296
1297
1301
1303
1308
1312
1313
1320
1324
1329
1331
1345
1348
1352
1365
1369
1370
1417
1418
1423
1426
1428
1434
1440
1444
1454
1462
1469
1473
1474
1475
1489
1492
1500
1502
1509
1512
1513
1522
1532
1533
1540
1545
1548
1549
1553
1562
1573
