5
8
11
16
18
22
26
31
33
40
42
58
62
72
73
77
78
87
93
98
99
101
104
105
113
117
121
124
138
141
153
155
169
173
175
176
177
178
181
184
185
192
195
199
206
209
215
225
226
232
235
236
238
268
270
275
277
281
286
312
314
348
354
355
356
365
366
368
369
379
381
387
404
406
408
409
411
419
421
424
425
428
432
434
436
441
452
458
464
467
468
471
477
478
485
486
496
505
512
525
526
528
530
531
532
533
537
541
552
553
564
579
581
592
598
601
608
621
624
632
634
638
641
670
681
682
683
691
692
703
716
727
729
734
736
755
760
762
772
775
783
790
803
819
822
823
831
834
836
854
856
859
862
867
873
888
905
926
932
933
934
936
939
942
962
980
987
994
999
1011
1014
1015
1020
1022
1029
1033
1036
1038
1042
1043
1045
1051
1055
1059
1069
1078
1083
1086
1090
1094
1096
1108
1109
1121
1123
1127
1128
1129
1130
1137
1138
1140
1141
1149
1151
1152
1158
1169
1171
1177
1180
1194
1206
1212
1214
1215
1218
1229
1230
1231
1245
1246
1248
1256
1264
1269
1283
1284
1294
1298
1307
1311
1315
1317
1318
1319
1322
1330
1332
1334
1335
1347
1350
1353
1354
1357
1360
1362
1363
1366
1367
1368
1373
1374
1376
1381
1386
1397
1402
1406
1411
1429
1430
1431
1433
1436
1447
1448
1450
1456
1461
1464
1465
1471
1472
1484
1485
1488
1495
1511
1515
1519
1523
1525
1528
1541
1557
1559
1563
1568
1569
1575
1577
