1
30
32
49
70
74
83
84
85
86
88
91
95
97
106
109
127
130
133
136
137
142
150
152
156
157
161
165
167
171
174
182
183
186
187
191
193
202
204
207
212
218
223
233
240
245
246
257
265
266
280
290
293
296
297
298
300
304
307
318
320
327
340
352
376
382
383
397
401
407
412
443
444
449
451
453
461
466
473
474
481
484
488
490
497
506
507
514
516
519
543
561
570
577
580
583
588
591
605
606
615
619
625
626
628
630
636
639
648
651
653
657
659
660
673
677
684
701
704
708
711
722
731
733
737
748
751
752
753
799
804
810
813
821
824
826
829
832
838
839
852
857
863
865
876
877
889
890
891
899
900
908
916
918
927
931
944
945
950
951
965
967
982
989
996
1006
1021
1024
1031
1046
1048
1049
1063
1066
1071
1074
1079
1092
1097
1099
1101
1104
1114
1134
1135
1139
1143
1154
1174
1181
1189
1190
1192
1196
1201
1202
1207
1209
1236
1238
1244
1250
1254
1263
1265
1267
1268
1278
1279
1282
1287
1288
1295
1302
1304
1326
1327
1341
1342
1361
1372
1379
1380
1387
1388
1389
1390
1393
1394
1398
1399
1404
1413
1415
1419
1420
1437
1442
1453
1459
1478
1479
1491
1496
1503
1504
1507
1521
1526
1529
1531
1535
1547
1552
1556
1560
1565
1572
1574
