3
21
24
34
35
50
61
75
81
89
92
96
107
108
110
111
119
125
128
135
139
214
220
231
239
248
252
255
263
274
282
283
284
308
311
315
317
332
333
335
341
343
347
349
350
357
371
375
384
385
389
394
398
410
418
429
430
435
440
450
456
457
472
475
482
492
499
504
509
510
511
518
555
556
558
567
571
582
584
589
590
593
600
602
609
612
623
629
633
645
649
652
656
658
663
668
672
674
678
679
695
696
706
710
717
718
719
725
730
759
761
766
773
776
777
781
784
795
801
811
818
828
833
840
855
861
864
868
872
874
884
885
892
894
903
907
911
913
922
923
924
935
940
941
943
956
958
966
972
978
983
988
1000
1013
1016
1017
1019
1032
1041
1047
1050
1060
1062
1077
1085
1100
1106
1116
1117
1119
1122
1124
1136
1145
1146
1153
1156
1159
1161
1164
1165
1172
1182
1184
1186
1187
1198
1199
1210
1213
1219
1226
1227
1232
1233
1241
1253
1255
1258
1259
1261
1277
1285
1286
1291
1299
1306
1309
1314
1333
1336
1339
1346
1349
1355
1383
1396
1401
1443
1445
1452
1455
1463
1466
1467
1468
1476
1482
1486
1487
1497
1498
1499
1510
1517
1527
1536
1537
1551
1558
1567
1571
1576
