2
9
10
12
23
25
28
39
43
46
56
59
63
114
118
123
129
147
148
154
164
194
197
221
224
229
244
249
256
259
261
262
271
273
288
289
291
294
295
301
302
303
305
306
316
326
331
334
344
359
360
363
364
380
388
390
391
392
393
396
403
405
422
437
438
439
446
454
459
462
480
487
491
493
494
500
503
522
534
538
539
546
547
551
554
559
563
566
568
572
576
585
603
627
642
646
654
661
664
666
667
669
671
676
680
687
688
709
714
720
739
756
768
769
770
782
785
787
793
802
805
809
815
816
817
820
830
835
842
844
846
847
850
853
869
875
881
883
886
887
893
895
896
897
898
909
914
917
928
930
947
952
963
964
968
970
971
974
976
979
986
990
992
997
1002
1003
1004
1005
1008
1010
1028
1039
1044
1054
1056
1057
1058
1061
1065
1070
1084
1088
1107
1112
1113
1115
1118
1125
1131
1142
1144
1147
1148
1157
1160
1163
1166
1167
1170
1203
1204
1211
1216
1220
1221
1223
1225
1239
1243
1249
1252
1266
1270
1273
1281
1290
1300
1310
1325
1338
1344
1351
1358
1364
1371
1375
1382
1385
1391
1403
1407
1412
1414
1421
1422
1424
1435
1439
1458
1477
1480
1481
1490
1493
1494
1501
1505
1516
1518
1534
1539
1542
1543
1544
1555
1561
1570
1578
