4
20
29
37
41
47
54
57
64
66
67
69
76
79
90
94
100
102
112
115
120
131
132
145
146
158
163
172
179
180
190
196
205
211
213
222
228
242
247
253
258
267
269
272
276
279
287
292
299
309
310
322
324
329
336
337
351
361
362
370
372
374
395
402
415
423
427
431
447
455
460
469
476
495
498
502
513
515
517
520
521
523
545
548
549
550
557
562
569
573
574
575
578
596
597
599
607
613
616
618
620
622
635
637
647
650
665
675
686
689
690
693
699
700
715
723
724
728
735
742
743
745
746
747
749
771
778
780
789
792
794
796
797
798
806
808
825
827
837
843
845
848
849
860
866
870
871
879
880
882
901
915
921
925
948
957
969
981
1001
1007
1023
1025
1040
1052
1064
1072
1073
1082
1091
1093
1098
1102
1105
1132
1150
1155
1168
1176
1185
1188
1193
1195
1197
1200
1205
1217
1222
1224
1228
1235
1240
1242
1247
1257
1271
1272
1275
1293
1305
1316
1321
1323
1328
1337
1340
1343
1356
1359
1377
1378
1384
1392
1395
1400
1405
1408
1409
1410
1416
1425
1427
1432
1438
1441
1446
1449
1451
1457
1460
1470
1483
1506
1508
1514
1520
1524
1530
1538
1546
1550
1554
1564
1566
